        0.439129E-01
        0.439130E-01
        0.439134E-01
        0.439139E-01
        0.439146E-01
        0.439155E-01
        0.439165E-01
        0.439177E-01
        0.439191E-01
        0.439207E-01
        0.439224E-01
        0.439243E-01
        0.439264E-01
        0.439286E-01
        0.439311E-01
        0.439337E-01
        0.439364E-01
        0.439393E-01
        0.439424E-01
        0.439457E-01
        0.439491E-01
        0.439527E-01
        0.439565E-01
        0.439604E-01
        0.439645E-01
        0.439688E-01
        0.439732E-01
        0.439778E-01
        0.439825E-01
        0.439874E-01
        0.439925E-01
        0.439977E-01
        0.440030E-01
        0.440086E-01
        0.440142E-01
        0.440201E-01
        0.440260E-01
        0.440322E-01
        0.440384E-01
        0.440449E-01
        0.440514E-01
        0.440581E-01
        0.440650E-01
        0.440720E-01
        0.440791E-01
        0.440864E-01
        0.440938E-01
        0.441014E-01
        0.441090E-01
        0.441168E-01
        0.441248E-01
        0.441329E-01
        0.441410E-01
        0.441494E-01
        0.441578E-01
        0.441664E-01
        0.441751E-01
        0.441839E-01
        0.441928E-01
        0.442018E-01
        0.442110E-01
        0.442202E-01
        0.442296E-01
        0.442390E-01
        0.442486E-01
        0.442583E-01
        0.442681E-01
        0.442779E-01
        0.442879E-01
        0.442980E-01
        0.443081E-01
        0.443184E-01
        0.443287E-01
        0.443391E-01
        0.443496E-01
        0.443602E-01
        0.443709E-01
        0.443816E-01
        0.443925E-01
        0.444034E-01
        0.444143E-01
        0.444253E-01
        0.444364E-01
        0.444476E-01
        0.444588E-01
        0.444701E-01
        0.444814E-01
        0.444928E-01
        0.445043E-01
        0.445157E-01
        0.445273E-01
        0.445389E-01
        0.445505E-01
        0.445622E-01
        0.445739E-01
        0.445856E-01
        0.445974E-01
        0.446092E-01
        0.446210E-01
        0.446329E-01
        0.446448E-01
        0.446567E-01
        0.446686E-01
        0.446806E-01
        0.446925E-01
        0.447045E-01
        0.447165E-01
        0.447285E-01
        0.447404E-01
        0.447524E-01
        0.447644E-01
        0.447764E-01
        0.447884E-01
        0.448004E-01
        0.448124E-01
        0.448243E-01
        0.448363E-01
        0.448482E-01
        0.448601E-01
        0.448720E-01
        0.448839E-01
        0.448957E-01
        0.449075E-01
        0.449193E-01
        0.449311E-01
        0.449428E-01
        0.449545E-01
        0.449661E-01
        0.449777E-01
        0.449893E-01
        0.450008E-01
        0.450123E-01
        0.450237E-01
        0.450351E-01
        0.450464E-01
        0.450576E-01
        0.450688E-01
        0.450799E-01
        0.450910E-01
        0.451020E-01
        0.451130E-01
        0.451238E-01
        0.451346E-01
        0.451453E-01
        0.451560E-01
        0.451665E-01
        0.451770E-01
        0.451874E-01
        0.451978E-01
        0.452080E-01
        0.452181E-01
        0.452282E-01
        0.452382E-01
        0.452480E-01
        0.452578E-01
        0.452675E-01
        0.452771E-01
        0.452866E-01
        0.452959E-01
        0.453052E-01
        0.453144E-01
        0.453234E-01
        0.453324E-01
        0.453412E-01
        0.453499E-01
        0.453586E-01
        0.453670E-01
        0.453754E-01
        0.453837E-01
        0.453918E-01
        0.453998E-01
        0.454077E-01
        0.454155E-01
        0.454231E-01
        0.454306E-01
        0.454379E-01
        0.454452E-01
        0.454523E-01
        0.454592E-01
        0.454661E-01
        0.454728E-01
        0.454793E-01
        0.454857E-01
        0.454920E-01
        0.454981E-01
        0.455041E-01
        0.455099E-01
        0.455156E-01
        0.455211E-01
        0.455265E-01
        0.455317E-01
        0.455368E-01
        0.455417E-01
        0.455465E-01
        0.455511E-01
        0.455556E-01
        0.455598E-01
        0.455640E-01
        0.455679E-01
        0.455717E-01
        0.455754E-01
        0.455789E-01
        0.455822E-01
        0.455853E-01
        0.455883E-01
        0.455911E-01
        0.455938E-01
        0.455962E-01
        0.455985E-01
        0.456007E-01
        0.456026E-01
        0.456044E-01
        0.456060E-01
        0.456074E-01
        0.456087E-01
        0.456098E-01
        0.456107E-01
        0.456114E-01
        0.456119E-01
        0.456123E-01
        0.456124E-01
        0.456124E-01
        0.456122E-01
        0.456119E-01
        0.456113E-01
        0.456106E-01
        0.456096E-01
        0.456085E-01
        0.456072E-01
        0.456057E-01
        0.456041E-01
        0.456022E-01
        0.456001E-01
        0.455979E-01
        0.455954E-01
        0.455928E-01
        0.455900E-01
        0.455870E-01
        0.455838E-01
        0.455804E-01
        0.455768E-01
        0.455730E-01
        0.455690E-01
        0.455649E-01
        0.455605E-01
        0.455559E-01
        0.455512E-01
        0.455462E-01
        0.455411E-01
        0.455357E-01
        0.455302E-01
        0.455244E-01
        0.455185E-01
        0.455123E-01
        0.455060E-01
        0.454995E-01
        0.454927E-01
        0.454858E-01
        0.454786E-01
        0.454713E-01
        0.454638E-01
        0.454560E-01
        0.454481E-01
        0.454399E-01
        0.454316E-01
        0.454231E-01
        0.454143E-01
        0.454054E-01
        0.453962E-01
        0.453869E-01
        0.453773E-01
        0.453676E-01
        0.453576E-01
        0.453475E-01
        0.453371E-01
        0.453266E-01
        0.453158E-01
        0.453048E-01
        0.452937E-01
        0.452823E-01
        0.452707E-01
        0.452590E-01
        0.452470E-01
        0.452348E-01
        0.452224E-01
        0.452099E-01
        0.451971E-01
        0.451841E-01
        0.451709E-01
        0.451575E-01
        0.451440E-01
        0.451302E-01
        0.451162E-01
        0.451020E-01
        0.450876E-01
        0.450730E-01
        0.450582E-01
        0.450432E-01
        0.450281E-01
        0.450127E-01
        0.449971E-01
        0.449813E-01
        0.449653E-01
        0.449492E-01
        0.449328E-01
        0.449162E-01
        0.448994E-01
        0.448825E-01
        0.448653E-01
        0.448480E-01
        0.448304E-01
        0.448127E-01
        0.447947E-01
        0.447766E-01
        0.447583E-01
        0.447398E-01
        0.447211E-01
        0.447022E-01
        0.446831E-01
        0.446638E-01
        0.446443E-01
        0.446247E-01
        0.446048E-01
        0.445848E-01
        0.445646E-01
        0.445442E-01
        0.445236E-01
        0.445028E-01
        0.444819E-01
        0.444608E-01
        0.444394E-01
        0.444179E-01
        0.443963E-01
        0.443744E-01
        0.443524E-01
        0.443302E-01
        0.443078E-01
        0.442852E-01
        0.442625E-01
        0.442396E-01
        0.442165E-01
        0.441932E-01
        0.441698E-01
        0.441462E-01
        0.441225E-01
        0.440985E-01
        0.440745E-01
        0.440502E-01
        0.440258E-01
        0.440012E-01
        0.439765E-01
        0.439516E-01
        0.439265E-01
        0.439013E-01
        0.438759E-01
        0.438504E-01
        0.438247E-01
        0.437989E-01
        0.437729E-01
        0.437468E-01
        0.437205E-01
        0.436941E-01
        0.436676E-01
        0.436409E-01
        0.436140E-01
        0.435871E-01
        0.435599E-01
        0.435327E-01
        0.435053E-01
        0.434778E-01
        0.434501E-01
        0.434224E-01
        0.433945E-01
        0.433664E-01
        0.433383E-01
        0.433100E-01
        0.432816E-01
        0.432531E-01
        0.432245E-01
        0.431958E-01
        0.431669E-01
        0.431380E-01
        0.431089E-01
        0.430798E-01
        0.430505E-01
        0.430211E-01
        0.429917E-01
        0.429621E-01
        0.429324E-01
        0.429027E-01
        0.428728E-01
        0.428429E-01
        0.428129E-01
        0.427828E-01
        0.427526E-01
        0.427223E-01
        0.426920E-01
        0.426616E-01
        0.426311E-01
        0.426006E-01
        0.425700E-01
        0.425393E-01
        0.425085E-01
        0.424778E-01
        0.424469E-01
        0.424160E-01
        0.423850E-01
        0.423540E-01
        0.423230E-01
        0.422919E-01
        0.422607E-01
        0.422296E-01
        0.421984E-01
        0.421671E-01
        0.421358E-01
        0.421045E-01
        0.420732E-01
        0.420419E-01
        0.420105E-01
        0.419791E-01
        0.419477E-01
        0.419163E-01
        0.418849E-01
        0.418535E-01
        0.418221E-01
        0.417907E-01
        0.417593E-01
        0.417279E-01
        0.416965E-01
        0.416652E-01
        0.416338E-01
        0.416025E-01
        0.415712E-01
        0.415399E-01
        0.415086E-01
        0.414774E-01
        0.414462E-01
        0.414151E-01
        0.413840E-01
        0.413529E-01
        0.413219E-01
        0.412910E-01
        0.412601E-01
        0.412292E-01
        0.411984E-01
        0.411677E-01
        0.411371E-01
        0.411065E-01
        0.410760E-01
        0.410455E-01
        0.410152E-01
        0.409849E-01
        0.409547E-01
        0.409246E-01
        0.408946E-01
        0.408647E-01
        0.408349E-01
        0.408052E-01
        0.407756E-01
        0.407462E-01
        0.407168E-01
        0.406875E-01
        0.406584E-01
        0.406294E-01
        0.406005E-01
        0.405717E-01
        0.405431E-01
        0.405146E-01
        0.404863E-01
        0.404581E-01
        0.404300E-01
        0.404021E-01
        0.403743E-01
        0.403467E-01
        0.403193E-01
        0.402920E-01
        0.402649E-01
        0.402379E-01
        0.402111E-01
        0.401845E-01
        0.401581E-01
        0.401319E-01
        0.401058E-01
        0.400799E-01
        0.400542E-01
        0.400287E-01
        0.400034E-01
        0.399783E-01
        0.399534E-01
        0.399287E-01
        0.399042E-01
        0.398800E-01
        0.398559E-01
        0.398321E-01
        0.398084E-01
        0.397850E-01
        0.397618E-01
        0.397389E-01
        0.397162E-01
        0.396937E-01
        0.396715E-01
        0.396495E-01
        0.396277E-01
        0.396062E-01
        0.395849E-01
        0.395639E-01
        0.395431E-01
        0.395226E-01
        0.395024E-01
        0.394824E-01
        0.394627E-01
        0.394432E-01
        0.394240E-01
        0.394051E-01
        0.393865E-01
        0.393681E-01
        0.393500E-01
        0.393322E-01
        0.393147E-01
        0.392975E-01
        0.392806E-01
        0.392639E-01
        0.392476E-01
        0.392315E-01
        0.392157E-01
        0.392003E-01
        0.391851E-01
        0.391702E-01
        0.391557E-01
        0.391415E-01
        0.391275E-01
        0.391139E-01
        0.391006E-01
        0.390876E-01
        0.390749E-01
        0.390626E-01
        0.390506E-01
        0.390389E-01
        0.390275E-01
        0.390164E-01
        0.390057E-01
        0.389953E-01
        0.389853E-01
        0.389755E-01
        0.389661E-01
        0.389571E-01
        0.389484E-01
        0.389400E-01
        0.389319E-01
        0.389242E-01
        0.389169E-01
        0.389099E-01
        0.389032E-01
        0.388969E-01
        0.388910E-01
        0.388853E-01
        0.388801E-01
        0.388752E-01
        0.388706E-01
        0.388664E-01
        0.388626E-01
        0.388591E-01
        0.388559E-01
        0.388531E-01
        0.388507E-01
        0.388487E-01
        0.388470E-01
        0.388456E-01
        0.388446E-01
        0.388440E-01
        0.388438E-01
        0.388439E-01
        0.388443E-01
        0.388452E-01
        0.388463E-01
        0.388479E-01
        0.388498E-01
        0.388521E-01
        0.388548E-01
        0.388578E-01
        0.388612E-01
        0.388649E-01
        0.388690E-01
        0.388735E-01
        0.388783E-01
        0.388835E-01
        0.388891E-01
        0.388951E-01
        0.389014E-01
        0.389080E-01
        0.389151E-01
        0.389225E-01
        0.389302E-01
        0.389383E-01
        0.389468E-01
        0.389557E-01
        0.389649E-01
        0.389745E-01
        0.389844E-01
        0.389947E-01
        0.390054E-01
        0.390164E-01
        0.390278E-01
        0.390395E-01
        0.390516E-01
        0.390640E-01
        0.390768E-01
        0.390900E-01
        0.391035E-01
        0.391174E-01
        0.391316E-01
        0.391462E-01
        0.391611E-01
        0.391764E-01
        0.391920E-01
        0.392080E-01
        0.392243E-01
        0.392410E-01
        0.392580E-01
        0.392753E-01
        0.392930E-01
        0.393111E-01
        0.393294E-01
        0.393482E-01
        0.393672E-01
        0.393866E-01
        0.394063E-01
        0.394264E-01
        0.394467E-01
        0.394674E-01
        0.394885E-01
        0.395099E-01
        0.395315E-01
        0.395536E-01
        0.395759E-01
        0.395986E-01
        0.396215E-01
        0.396448E-01
        0.396684E-01
        0.396923E-01
        0.397166E-01
        0.397411E-01
        0.397660E-01
        0.397911E-01
        0.398166E-01
        0.398424E-01
        0.398684E-01
        0.398948E-01
        0.399214E-01
        0.399484E-01
        0.399756E-01
        0.400032E-01
        0.400310E-01
        0.400591E-01
        0.400875E-01
        0.401162E-01
        0.401451E-01
        0.401744E-01
        0.402039E-01
        0.402337E-01
        0.402637E-01
        0.402941E-01
        0.403247E-01
        0.403555E-01
        0.403866E-01
        0.404180E-01
        0.404497E-01
        0.404816E-01
        0.405137E-01
        0.405462E-01
        0.405788E-01
        0.406117E-01
        0.406449E-01
        0.406783E-01
        0.407119E-01
        0.407458E-01
        0.407799E-01
        0.408142E-01
        0.408488E-01
        0.408836E-01
        0.409186E-01
        0.409538E-01
        0.409893E-01
        0.410250E-01
        0.410609E-01
        0.410970E-01
        0.411334E-01
        0.411699E-01
        0.412067E-01
        0.412436E-01
        0.412808E-01
        0.413181E-01
        0.413557E-01
        0.413934E-01
        0.414313E-01
        0.414695E-01
        0.415078E-01
        0.415463E-01
        0.415849E-01
        0.416238E-01
        0.416628E-01
        0.417021E-01
        0.417414E-01
        0.417810E-01
        0.418207E-01
        0.418606E-01
        0.419006E-01
        0.419408E-01
        0.419812E-01
        0.420217E-01
        0.420624E-01
        0.421032E-01
        0.421442E-01
        0.421853E-01
        0.422265E-01
        0.422679E-01
        0.423094E-01
        0.423511E-01
        0.423929E-01
        0.424348E-01
        0.424769E-01
        0.425191E-01
        0.425614E-01
        0.426038E-01
        0.426463E-01
        0.426890E-01
        0.427317E-01
        0.427746E-01
        0.428176E-01
        0.428607E-01
        0.429039E-01
        0.429471E-01
        0.429905E-01
        0.430340E-01
        0.430776E-01
        0.431213E-01
        0.431650E-01
        0.432089E-01
        0.432528E-01
        0.432968E-01
        0.433409E-01
        0.433850E-01
        0.434293E-01
        0.434736E-01
        0.435180E-01
        0.435624E-01
        0.436069E-01
        0.436515E-01
        0.436961E-01
        0.437408E-01
        0.437855E-01
        0.438303E-01
        0.438752E-01
        0.439201E-01
        0.439650E-01
        0.440100E-01
        0.440550E-01
        0.441001E-01
        0.441452E-01
        0.441904E-01
        0.442355E-01
        0.442807E-01
        0.443260E-01
        0.443712E-01
        0.444165E-01
        0.444618E-01
        0.445072E-01
        0.445525E-01
        0.445979E-01
        0.446432E-01
        0.446886E-01
        0.447340E-01
        0.447794E-01
        0.448248E-01
        0.448702E-01
        0.449156E-01
        0.449610E-01
        0.450064E-01
        0.450518E-01
        0.450972E-01
        0.451426E-01
        0.451880E-01
        0.452333E-01
        0.452787E-01
        0.453240E-01
        0.453693E-01
        0.454146E-01
        0.454599E-01
        0.455051E-01
        0.455503E-01
        0.455955E-01
        0.456406E-01
        0.456857E-01
        0.457308E-01
        0.457759E-01
        0.458209E-01
        0.458658E-01
        0.459108E-01
        0.459556E-01
        0.460005E-01
        0.460452E-01
        0.460900E-01
        0.461347E-01
        0.461793E-01
        0.462239E-01
        0.462684E-01
        0.463128E-01
        0.463572E-01
        0.464016E-01
        0.464458E-01
        0.464900E-01
        0.465342E-01
        0.465782E-01
        0.466222E-01
        0.466662E-01
        0.467100E-01
        0.467538E-01
        0.467975E-01
        0.468411E-01
        0.468846E-01
        0.469281E-01
        0.469714E-01
        0.470147E-01
        0.470579E-01
        0.471010E-01
        0.471440E-01
        0.471869E-01
        0.472297E-01
        0.472724E-01
        0.473151E-01
        0.473576E-01
        0.474000E-01
        0.474423E-01
        0.474845E-01
        0.475266E-01
        0.475687E-01
        0.476105E-01
        0.476523E-01
        0.476940E-01
        0.477355E-01
        0.477770E-01
        0.478183E-01
        0.478595E-01
        0.479006E-01
        0.479416E-01
        0.479824E-01
        0.480231E-01
        0.480637E-01
        0.481041E-01
        0.481445E-01
        0.481847E-01
        0.482247E-01
        0.482647E-01
        0.483045E-01
        0.483441E-01
        0.483836E-01
        0.484230E-01
        0.484623E-01
        0.485014E-01
        0.485403E-01
        0.485791E-01
        0.486178E-01
        0.486563E-01
        0.486947E-01
        0.487329E-01
        0.487709E-01
        0.488088E-01
        0.488466E-01
        0.488842E-01
        0.489216E-01
        0.489589E-01
        0.489960E-01
        0.490329E-01
        0.490697E-01
        0.491064E-01
        0.491428E-01
        0.491791E-01
        0.492152E-01
        0.492512E-01
        0.492869E-01
        0.493225E-01
        0.493580E-01
        0.493932E-01
        0.494283E-01
        0.494632E-01
        0.494979E-01
        0.495324E-01
        0.495668E-01
        0.496009E-01
        0.496349E-01
        0.496687E-01
        0.497023E-01
        0.497358E-01
        0.497690E-01
        0.498020E-01
        0.498349E-01
        0.498675E-01
        0.499000E-01
        0.499322E-01
        0.499643E-01
        0.499961E-01
        0.500278E-01
        0.500593E-01
        0.500905E-01
        0.501216E-01
        0.501524E-01
        0.501831E-01
        0.502135E-01
        0.502437E-01
        0.502737E-01
        0.503035E-01
        0.503331E-01
        0.503625E-01
        0.503916E-01
        0.504206E-01
        0.504493E-01
        0.504778E-01
        0.505061E-01
        0.505342E-01
        0.505620E-01
        0.505897E-01
        0.506171E-01
        0.506442E-01
        0.506712E-01
        0.506979E-01
        0.507244E-01
        0.507507E-01
        0.507767E-01
        0.508025E-01
        0.508281E-01
        0.508534E-01
        0.508785E-01
        0.509034E-01
        0.509280E-01
        0.509524E-01
        0.509765E-01
        0.510005E-01
        0.510241E-01
        0.510476E-01
        0.510708E-01
        0.510937E-01
        0.511164E-01
        0.511388E-01
        0.511611E-01
        0.511830E-01
        0.512047E-01
        0.512262E-01
        0.512474E-01
        0.512684E-01
        0.512891E-01
        0.513095E-01
        0.513297E-01
        0.513497E-01
        0.513693E-01
        0.513888E-01
        0.514079E-01
        0.514269E-01
        0.514455E-01
        0.514639E-01
        0.514821E-01
        0.514999E-01
        0.515175E-01
        0.515349E-01
        0.515520E-01
        0.515688E-01
        0.515854E-01
        0.516016E-01
        0.516177E-01
        0.516334E-01
        0.516489E-01
        0.516641E-01
        0.516791E-01
        0.516937E-01
        0.517082E-01
        0.517223E-01
        0.517362E-01
        0.517497E-01
        0.517631E-01
        0.517761E-01
        0.517889E-01
        0.518014E-01
        0.518136E-01
        0.518255E-01
        0.518372E-01
        0.518486E-01
        0.518597E-01
        0.518705E-01
        0.518810E-01
        0.518913E-01
        0.519013E-01
        0.519110E-01
        0.519205E-01
        0.519296E-01
        0.519385E-01
        0.519470E-01
        0.519553E-01
        0.519634E-01
        0.519711E-01
        0.519786E-01
        0.519857E-01
        0.519926E-01
        0.519992E-01
        0.520055E-01
        0.520116E-01
        0.520173E-01
        0.520228E-01
        0.520279E-01
        0.520328E-01
        0.520374E-01
        0.520417E-01
        0.520458E-01
        0.520495E-01
        0.520530E-01
        0.520561E-01
        0.520590E-01
        0.520616E-01
        0.520639E-01
        0.520659E-01
        0.520677E-01
        0.520691E-01
        0.520702E-01
        0.520711E-01
        0.520717E-01
        0.520720E-01
