        0.270158E+01
        0.235131E+01
        0.183628E+01
        0.227962E+01
        0.234718E+01
        0.392142E+01
        0.367589E+01
        0.543548E+01
        0.250723E+01
        0.240081E+01
        0.597310E+01
        0.378049E+01
        0.303334E+01
        0.236221E+01
        0.222197E+01
        0.198314E+01
        0.450413E+01
        0.268207E+01
        0.202677E+01
        0.248829E+01
        0.184079E+01
        0.233808E+01
        0.276064E+01
        0.176893E+01
        0.204537E+01
        0.204781E+01
        0.232091E+01
        0.243647E+01
        0.336992E+01
        0.195134E+01
        0.204392E+01
        0.193317E+01
        0.208071E+01
        0.205327E+01
        0.303027E+01
        0.205004E+01
        0.180661E+01
        0.175302E+01
        0.292554E+01
        0.213233E+01
        0.199005E+01
        0.227340E+01
        0.176392E+01
        0.180918E+01
        0.206685E+01
        0.201323E+01
        0.241909E+01
        0.184057E+01
        0.313538E+01
        0.203512E+01
        0.190730E+01
        0.242907E+01
        0.369076E+01
        0.212562E+01
        0.231915E+01
        0.191768E+01
        0.192153E+01
        0.214916E+01
        0.236217E+01
        0.241703E+01
        0.232527E+01
        0.214987E+01
        0.184343E+01
        0.199377E+01
        0.179602E+01
        0.410969E+01
        0.194027E+01
        0.193810E+01
        0.178192E+01
        0.195953E+01
        0.186188E+01
        0.214162E+01
        0.386391E+01
        0.288215E+01
        0.208493E+01
        0.309073E+01
        0.233874E+01
        0.263123E+01
        0.354129E+01
        0.288690E+01
        0.215089E+01
        0.200014E+01
        0.214544E+01
        0.264116E+01
        0.378455E+01
        0.387754E+01
        0.223928E+01
        0.256810E+01
        0.519493E+01
        0.188943E+01
        0.379703E+01
        0.244008E+01
        0.252022E+01
        0.324798E+01
        0.250697E+01
        0.209971E+01
        0.399888E+01
        0.378538E+01
        0.284828E+01
        0.400503E+01
