        0.210757E+01
        0.210758E+01
        0.210759E+01
        0.210760E+01
        0.210762E+01
        0.210765E+01
        0.210768E+01
        0.210772E+01
        0.210776E+01
        0.210780E+01
        0.210785E+01
        0.210791E+01
        0.210797E+01
        0.210804E+01
        0.210811E+01
        0.210818E+01
        0.210826E+01
        0.210835E+01
        0.210844E+01
        0.210853E+01
        0.210863E+01
        0.210873E+01
        0.210884E+01
        0.210896E+01
        0.210907E+01
        0.210920E+01
        0.210932E+01
        0.210945E+01
        0.210959E+01
        0.210973E+01
        0.210987E+01
        0.211002E+01
        0.211017E+01
        0.211032E+01
        0.211048E+01
        0.211065E+01
        0.211081E+01
        0.211098E+01
        0.211116E+01
        0.211134E+01
        0.211152E+01
        0.211170E+01
        0.211189E+01
        0.211209E+01
        0.211229E+01
        0.211249E+01
        0.211269E+01
        0.211290E+01
        0.211311E+01
        0.211332E+01
        0.211354E+01
        0.211375E+01
        0.211398E+01
        0.211420E+01
        0.211443E+01
        0.211465E+01
        0.211489E+01
        0.211512E+01
        0.211535E+01
        0.211559E+01
        0.211583E+01
        0.211607E+01
        0.211632E+01
        0.211656E+01
        0.211681E+01
        0.211706E+01
        0.211731E+01
        0.211756E+01
        0.211782E+01
        0.211808E+01
        0.211833E+01
        0.211859E+01
        0.211886E+01
        0.211912E+01
        0.211938E+01
        0.211965E+01
        0.211991E+01
        0.212018E+01
        0.212045E+01
        0.212071E+01
        0.212098E+01
        0.212125E+01
        0.212152E+01
        0.212179E+01
        0.212205E+01
        0.212232E+01
        0.212259E+01
        0.212286E+01
        0.212313E+01
        0.212340E+01
        0.212367E+01
        0.212393E+01
        0.212420E+01
        0.212447E+01
        0.212474E+01
        0.212501E+01
        0.212528E+01
        0.212555E+01
        0.212581E+01
        0.212608E+01
        0.212634E+01
        0.212661E+01
        0.212687E+01
        0.212713E+01
        0.212739E+01
        0.212765E+01
        0.212790E+01
        0.212816E+01
        0.212841E+01
        0.212867E+01
        0.212892E+01
        0.212917E+01
        0.212942E+01
        0.212966E+01
        0.212991E+01
        0.213015E+01
        0.213039E+01
        0.213063E+01
        0.213087E+01
        0.213111E+01
        0.213135E+01
        0.213158E+01
        0.213181E+01
        0.213204E+01
        0.213227E+01
        0.213249E+01
        0.213271E+01
        0.213294E+01
        0.213315E+01
        0.213337E+01
        0.213358E+01
        0.213380E+01
        0.213400E+01
        0.213421E+01
        0.213442E+01
        0.213462E+01
        0.213482E+01
        0.213501E+01
        0.213521E+01
        0.213540E+01
        0.213559E+01
        0.213578E+01
        0.213596E+01
        0.213615E+01
        0.213633E+01
        0.213651E+01
        0.213668E+01
        0.213685E+01
        0.213703E+01
        0.213720E+01
        0.213736E+01
        0.213753E+01
        0.213769E+01
        0.213785E+01
        0.213801E+01
        0.213817E+01
        0.213832E+01
        0.213847E+01
        0.213862E+01
        0.213877E+01
        0.213892E+01
        0.213906E+01
        0.213920E+01
        0.213934E+01
        0.213948E+01
        0.213961E+01
        0.213975E+01
        0.213988E+01
        0.214001E+01
        0.214013E+01
        0.214026E+01
        0.214039E+01
        0.214051E+01
        0.214063E+01
        0.214075E+01
        0.214087E+01
        0.214098E+01
        0.214110E+01
        0.214121E+01
        0.214132E+01
        0.214144E+01
        0.214155E+01
        0.214165E+01
        0.214176E+01
        0.214187E+01
        0.214197E+01
        0.214208E+01
        0.214218E+01
        0.214228E+01
        0.214239E+01
        0.214249E+01
        0.214259E+01
        0.214269E+01
        0.214279E+01
        0.214288E+01
        0.214298E+01
        0.214308E+01
        0.214318E+01
        0.214327E+01
        0.214337E+01
        0.214347E+01
        0.214356E+01
        0.214366E+01
        0.214375E+01
        0.214385E+01
        0.214395E+01
        0.214404E+01
        0.214414E+01
        0.214423E+01
        0.214433E+01
        0.214443E+01
        0.214452E+01
        0.214462E+01
        0.214472E+01
        0.214482E+01
        0.214492E+01
        0.214502E+01
        0.214511E+01
        0.214521E+01
        0.214532E+01
        0.214542E+01
        0.214552E+01
        0.214562E+01
        0.214573E+01
        0.214583E+01
        0.214594E+01
        0.214604E+01
        0.214615E+01
        0.214626E+01
        0.214637E+01
        0.214648E+01
        0.214659E+01
        0.214670E+01
        0.214682E+01
        0.214693E+01
        0.214705E+01
        0.214717E+01
        0.214728E+01
        0.214740E+01
        0.214752E+01
        0.214764E+01
        0.214777E+01
        0.214789E+01
        0.214801E+01
        0.214814E+01
        0.214827E+01
        0.214840E+01
        0.214853E+01
        0.214866E+01
        0.214879E+01
        0.214892E+01
        0.214905E+01
        0.214919E+01
        0.214932E+01
        0.214946E+01
        0.214960E+01
        0.214974E+01
        0.214987E+01
        0.215001E+01
        0.215016E+01
        0.215030E+01
        0.215044E+01
        0.215058E+01
        0.215073E+01
        0.215087E+01
        0.215102E+01
        0.215116E+01
        0.215131E+01
        0.215146E+01
        0.215161E+01
        0.215175E+01
        0.215190E+01
        0.215205E+01
        0.215220E+01
        0.215234E+01
        0.215249E+01
        0.215264E+01
        0.215279E+01
        0.215293E+01
        0.215308E+01
        0.215323E+01
        0.215337E+01
        0.215352E+01
        0.215366E+01
        0.215381E+01
        0.215395E+01
        0.215409E+01
        0.215423E+01
        0.215437E+01
        0.215451E+01
        0.215465E+01
        0.215479E+01
        0.215492E+01
        0.215506E+01
        0.215519E+01
        0.215532E+01
        0.215545E+01
        0.215558E+01
        0.215570E+01
        0.215583E+01
        0.215595E+01
        0.215607E+01
        0.215619E+01
        0.215630E+01
        0.215641E+01
        0.215653E+01
        0.215663E+01
        0.215674E+01
        0.215684E+01
        0.215694E+01
        0.215704E+01
        0.215714E+01
        0.215723E+01
        0.215732E+01
        0.215741E+01
        0.215749E+01
        0.215757E+01
        0.215765E+01
        0.215772E+01
        0.215779E+01
        0.215786E+01
        0.215793E+01
        0.215799E+01
        0.215805E+01
        0.215810E+01
        0.215816E+01
        0.215820E+01
        0.215825E+01
        0.215829E+01
        0.215833E+01
        0.215836E+01
        0.215839E+01
        0.215842E+01
        0.215845E+01
        0.215847E+01
        0.215848E+01
        0.215850E+01
        0.215850E+01
        0.215851E+01
        0.215851E+01
        0.215851E+01
        0.215851E+01
        0.215850E+01
        0.215849E+01
        0.215847E+01
        0.215845E+01
        0.215843E+01
        0.215840E+01
        0.215837E+01
        0.215834E+01
        0.215830E+01
        0.215826E+01
        0.215822E+01
        0.215817E+01
        0.215812E+01
        0.215807E+01
        0.215801E+01
        0.215795E+01
        0.215789E+01
        0.215782E+01
        0.215776E+01
        0.215768E+01
        0.215761E+01
        0.215753E+01
        0.215745E+01
        0.215737E+01
        0.215728E+01
        0.215720E+01
        0.215711E+01
        0.215701E+01
        0.215692E+01
        0.215682E+01
        0.215672E+01
        0.215662E+01
        0.215652E+01
        0.215641E+01
        0.215631E+01
        0.215620E+01
        0.215609E+01
        0.215597E+01
        0.215586E+01
        0.215575E+01
        0.215563E+01
        0.215551E+01
        0.215539E+01
        0.215527E+01
        0.215515E+01
        0.215503E+01
        0.215491E+01
        0.215478E+01
        0.215466E+01
        0.215454E+01
        0.215441E+01
        0.215429E+01
        0.215416E+01
        0.215404E+01
        0.215391E+01
        0.215379E+01
        0.215366E+01
        0.215354E+01
        0.215341E+01
        0.215329E+01
        0.215317E+01
        0.215304E+01
        0.215292E+01
        0.215280E+01
        0.215268E+01
        0.215256E+01
        0.215244E+01
        0.215232E+01
        0.215221E+01
        0.215209E+01
        0.215198E+01
        0.215186E+01
        0.215175E+01
        0.215164E+01
        0.215153E+01
        0.215143E+01
        0.215132E+01
        0.215122E+01
        0.215111E+01
        0.215101E+01
        0.215091E+01
        0.215082E+01
        0.215072E+01
        0.215063E+01
        0.215054E+01
        0.215045E+01
        0.215036E+01
        0.215027E+01
        0.215019E+01
        0.215011E+01
        0.215003E+01
        0.214995E+01
        0.214988E+01
        0.214980E+01
        0.214973E+01
        0.214966E+01
        0.214959E+01
        0.214953E+01
        0.214946E+01
        0.214940E+01
        0.214934E+01
        0.214929E+01
        0.214923E+01
        0.214918E+01
        0.214912E+01
        0.214907E+01
        0.214903E+01
        0.214898E+01
        0.214893E+01
        0.214889E+01
        0.214885E+01
        0.214881E+01
        0.214877E+01
        0.214874E+01
        0.214871E+01
        0.214867E+01
        0.214864E+01
        0.214861E+01
        0.214859E+01
        0.214856E+01
        0.214853E+01
        0.214851E+01
        0.214849E+01
        0.214847E+01
        0.214845E+01
        0.214843E+01
        0.214841E+01
        0.214839E+01
        0.214838E+01
        0.214837E+01
        0.214835E+01
        0.214834E+01
        0.214833E+01
        0.214832E+01
        0.214831E+01
        0.214830E+01
        0.214829E+01
        0.214829E+01
        0.214828E+01
        0.214827E+01
        0.214827E+01
        0.214826E+01
        0.214826E+01
        0.214825E+01
        0.214825E+01
        0.214825E+01
        0.214824E+01
        0.214824E+01
        0.214824E+01
        0.214824E+01
        0.214824E+01
        0.214824E+01
        0.214824E+01
        0.214824E+01
        0.214823E+01
        0.214823E+01
        0.214823E+01
        0.214823E+01
        0.214823E+01
        0.214823E+01
        0.214823E+01
        0.214823E+01
        0.214823E+01
        0.214823E+01
        0.214823E+01
        0.214823E+01
        0.214823E+01
        0.214823E+01
        0.214823E+01
        0.214823E+01
