        0.439169E-01
        0.439171E-01
        0.439174E-01
        0.439180E-01
        0.439187E-01
        0.439195E-01
        0.439206E-01
        0.439218E-01
        0.439232E-01
        0.439247E-01
        0.439265E-01
        0.439284E-01
        0.439305E-01
        0.439327E-01
        0.439351E-01
        0.439377E-01
        0.439405E-01
        0.439434E-01
        0.439465E-01
        0.439498E-01
        0.439532E-01
        0.439568E-01
        0.439606E-01
        0.439645E-01
        0.439686E-01
        0.439728E-01
        0.439773E-01
        0.439818E-01
        0.439866E-01
        0.439915E-01
        0.439965E-01
        0.440017E-01
        0.440071E-01
        0.440126E-01
        0.440183E-01
        0.440241E-01
        0.440301E-01
        0.440362E-01
        0.440425E-01
        0.440489E-01
        0.440555E-01
        0.440622E-01
        0.440691E-01
        0.440761E-01
        0.440832E-01
        0.440905E-01
        0.440979E-01
        0.441054E-01
        0.441131E-01
        0.441209E-01
        0.441289E-01
        0.441369E-01
        0.441451E-01
        0.441535E-01
        0.441619E-01
        0.441705E-01
        0.441792E-01
        0.441880E-01
        0.441969E-01
        0.442059E-01
        0.442151E-01
        0.442243E-01
        0.442337E-01
        0.442432E-01
        0.442527E-01
        0.442624E-01
        0.442722E-01
        0.442821E-01
        0.442920E-01
        0.443021E-01
        0.443123E-01
        0.443225E-01
        0.443329E-01
        0.443433E-01
        0.443538E-01
        0.443644E-01
        0.443750E-01
        0.443858E-01
        0.443966E-01
        0.444075E-01
        0.444185E-01
        0.444295E-01
        0.444406E-01
        0.444517E-01
        0.444630E-01
        0.444742E-01
        0.444856E-01
        0.444970E-01
        0.445084E-01
        0.445199E-01
        0.445314E-01
        0.445430E-01
        0.445547E-01
        0.445663E-01
        0.445780E-01
        0.445898E-01
        0.446016E-01
        0.446134E-01
        0.446252E-01
        0.446371E-01
        0.446490E-01
        0.446609E-01
        0.446728E-01
        0.446847E-01
        0.446967E-01
        0.447087E-01
        0.447207E-01
        0.447326E-01
        0.447446E-01
        0.447566E-01
        0.447686E-01
        0.447806E-01
        0.447926E-01
        0.448046E-01
        0.448166E-01
        0.448285E-01
        0.448405E-01
        0.448524E-01
        0.448643E-01
        0.448762E-01
        0.448881E-01
        0.449000E-01
        0.449118E-01
        0.449236E-01
        0.449353E-01
        0.449470E-01
        0.449587E-01
        0.449704E-01
        0.449820E-01
        0.449935E-01
        0.450051E-01
        0.450165E-01
        0.450279E-01
        0.450393E-01
        0.450506E-01
        0.450619E-01
        0.450731E-01
        0.450842E-01
        0.450953E-01
        0.451063E-01
        0.451172E-01
        0.451281E-01
        0.451389E-01
        0.451496E-01
        0.451603E-01
        0.451708E-01
        0.451813E-01
        0.451917E-01
        0.452020E-01
        0.452123E-01
        0.452224E-01
        0.452325E-01
        0.452425E-01
        0.452523E-01
        0.452621E-01
        0.452718E-01
        0.452814E-01
        0.452909E-01
        0.453002E-01
        0.453095E-01
        0.453187E-01
        0.453277E-01
        0.453367E-01
        0.453455E-01
        0.453543E-01
        0.453629E-01
        0.453714E-01
        0.453797E-01
        0.453880E-01
        0.453961E-01
        0.454041E-01
        0.454120E-01
        0.454198E-01
        0.454274E-01
        0.454349E-01
        0.454423E-01
        0.454495E-01
        0.454566E-01
        0.454636E-01
        0.454704E-01
        0.454771E-01
        0.454836E-01
        0.454901E-01
        0.454963E-01
        0.455025E-01
        0.455084E-01
        0.455143E-01
        0.455199E-01
        0.455255E-01
        0.455309E-01
        0.455361E-01
        0.455412E-01
        0.455461E-01
        0.455508E-01
        0.455555E-01
        0.455599E-01
        0.455642E-01
        0.455683E-01
        0.455723E-01
        0.455761E-01
        0.455797E-01
        0.455832E-01
        0.455865E-01
        0.455897E-01
        0.455927E-01
        0.455955E-01
        0.455981E-01
        0.456006E-01
        0.456029E-01
        0.456050E-01
        0.456070E-01
        0.456088E-01
        0.456104E-01
        0.456118E-01
        0.456130E-01
        0.456141E-01
        0.456150E-01
        0.456157E-01
        0.456163E-01
        0.456166E-01
        0.456168E-01
        0.456168E-01
        0.456166E-01
        0.456162E-01
        0.456157E-01
        0.456149E-01
        0.456140E-01
        0.456129E-01
        0.456116E-01
        0.456101E-01
        0.456084E-01
        0.456066E-01
        0.456045E-01
        0.456023E-01
        0.455998E-01
        0.455972E-01
        0.455944E-01
        0.455914E-01
        0.455882E-01
        0.455848E-01
        0.455812E-01
        0.455774E-01
        0.455734E-01
        0.455692E-01
        0.455649E-01
        0.455603E-01
        0.455556E-01
        0.455506E-01
        0.455454E-01
        0.455401E-01
        0.455345E-01
        0.455288E-01
        0.455229E-01
        0.455167E-01
        0.455104E-01
        0.455038E-01
        0.454971E-01
        0.454902E-01
        0.454830E-01
        0.454757E-01
        0.454681E-01
        0.454604E-01
        0.454525E-01
        0.454443E-01
        0.454360E-01
        0.454274E-01
        0.454187E-01
        0.454098E-01
        0.454006E-01
        0.453913E-01
        0.453817E-01
        0.453720E-01
        0.453620E-01
        0.453518E-01
        0.453415E-01
        0.453309E-01
        0.453202E-01
        0.453092E-01
        0.452980E-01
        0.452867E-01
        0.452751E-01
        0.452633E-01
        0.452514E-01
        0.452392E-01
        0.452268E-01
        0.452142E-01
        0.452014E-01
        0.451885E-01
        0.451753E-01
        0.451619E-01
        0.451483E-01
        0.451345E-01
        0.451205E-01
        0.451063E-01
        0.450920E-01
        0.450774E-01
        0.450626E-01
        0.450476E-01
        0.450324E-01
        0.450170E-01
        0.450014E-01
        0.449857E-01
        0.449697E-01
        0.449535E-01
        0.449371E-01
        0.449206E-01
        0.449038E-01
        0.448868E-01
        0.448697E-01
        0.448523E-01
        0.448348E-01
        0.448170E-01
        0.447991E-01
        0.447809E-01
        0.447626E-01
        0.447441E-01
        0.447254E-01
        0.447065E-01
        0.446874E-01
        0.446681E-01
        0.446486E-01
        0.446290E-01
        0.446091E-01
        0.445891E-01
        0.445689E-01
        0.445485E-01
        0.445279E-01
        0.445071E-01
        0.444862E-01
        0.444650E-01
        0.444437E-01
        0.444222E-01
        0.444005E-01
        0.443787E-01
        0.443567E-01
        0.443344E-01
        0.443121E-01
        0.442895E-01
        0.442668E-01
        0.442438E-01
        0.442208E-01
        0.441975E-01
        0.441741E-01
        0.441505E-01
        0.441267E-01
        0.441028E-01
        0.440787E-01
        0.440544E-01
        0.440300E-01
        0.440054E-01
        0.439807E-01
        0.439558E-01
        0.439307E-01
        0.439055E-01
        0.438802E-01
        0.438546E-01
        0.438290E-01
        0.438031E-01
        0.437771E-01
        0.437510E-01
        0.437247E-01
        0.436983E-01
        0.436718E-01
        0.436451E-01
        0.436182E-01
        0.435912E-01
        0.435641E-01
        0.435369E-01
        0.435095E-01
        0.434820E-01
        0.434543E-01
        0.434265E-01
        0.433986E-01
        0.433706E-01
        0.433425E-01
        0.433142E-01
        0.432858E-01
        0.432573E-01
        0.432287E-01
        0.431999E-01
        0.431711E-01
        0.431421E-01
        0.431131E-01
        0.430839E-01
        0.430546E-01
        0.430253E-01
        0.429958E-01
        0.429662E-01
        0.429365E-01
        0.429068E-01
        0.428769E-01
        0.428470E-01
        0.428170E-01
        0.427869E-01
        0.427567E-01
        0.427264E-01
        0.426961E-01
        0.426657E-01
        0.426352E-01
        0.426047E-01
        0.425740E-01
        0.425434E-01
        0.425126E-01
        0.424818E-01
        0.424510E-01
        0.424201E-01
        0.423891E-01
        0.423581E-01
        0.423270E-01
        0.422959E-01
        0.422648E-01
        0.422336E-01
        0.422024E-01
        0.421711E-01
        0.421399E-01
        0.421086E-01
        0.420772E-01
        0.420459E-01
        0.420145E-01
        0.419831E-01
        0.419518E-01
        0.419203E-01
        0.418889E-01
        0.418575E-01
        0.418261E-01
        0.417947E-01
        0.417633E-01
        0.417319E-01
        0.417005E-01
        0.416691E-01
        0.416378E-01
        0.416064E-01
        0.415751E-01
        0.415438E-01
        0.415126E-01
        0.414814E-01
        0.414502E-01
        0.414190E-01
        0.413879E-01
        0.413569E-01
        0.413258E-01
        0.412949E-01
        0.412640E-01
        0.412331E-01
        0.412023E-01
        0.411716E-01
        0.411410E-01
        0.411104E-01
        0.410799E-01
        0.410494E-01
        0.410191E-01
        0.409888E-01
        0.409586E-01
        0.409285E-01
        0.408985E-01
        0.408686E-01
        0.408388E-01
        0.408091E-01
        0.407795E-01
        0.407500E-01
        0.407206E-01
        0.406914E-01
        0.406623E-01
        0.406332E-01
        0.406043E-01
        0.405756E-01
        0.405470E-01
        0.405185E-01
        0.404901E-01
        0.404619E-01
        0.404338E-01
        0.404059E-01
        0.403782E-01
        0.403506E-01
        0.403231E-01
        0.402958E-01
        0.402687E-01
        0.402417E-01
        0.402149E-01
        0.401883E-01
        0.401619E-01
        0.401357E-01
        0.401096E-01
        0.400837E-01
        0.400580E-01
        0.400325E-01
        0.400072E-01
        0.399821E-01
        0.399572E-01
        0.399325E-01
        0.399080E-01
        0.398837E-01
        0.398597E-01
        0.398358E-01
        0.398122E-01
        0.397888E-01
        0.397656E-01
        0.397426E-01
        0.397199E-01
        0.396974E-01
        0.396752E-01
        0.396532E-01
        0.396314E-01
        0.396099E-01
        0.395886E-01
        0.395676E-01
        0.395469E-01
        0.395263E-01
        0.395061E-01
        0.394861E-01
        0.394664E-01
        0.394469E-01
        0.394277E-01
        0.394088E-01
        0.393902E-01
        0.393718E-01
        0.393537E-01
        0.393359E-01
        0.393184E-01
        0.393012E-01
        0.392843E-01
        0.392676E-01
        0.392512E-01
        0.392352E-01
        0.392194E-01
        0.392040E-01
        0.391888E-01
        0.391739E-01
        0.391594E-01
        0.391451E-01
        0.391312E-01
        0.391176E-01
        0.391043E-01
        0.390913E-01
        0.390786E-01
        0.390663E-01
        0.390542E-01
        0.390425E-01
        0.390312E-01
        0.390201E-01
        0.390094E-01
        0.389990E-01
        0.389889E-01
        0.389792E-01
        0.389698E-01
        0.389607E-01
        0.389520E-01
        0.389436E-01
        0.389356E-01
        0.389279E-01
        0.389206E-01
        0.389136E-01
        0.389069E-01
        0.389006E-01
        0.388946E-01
        0.388890E-01
        0.388837E-01
        0.388788E-01
        0.388743E-01
        0.388701E-01
        0.388662E-01
        0.388627E-01
        0.388596E-01
        0.388568E-01
        0.388544E-01
        0.388523E-01
        0.388506E-01
        0.388493E-01
        0.388483E-01
        0.388477E-01
        0.388474E-01
        0.388475E-01
        0.388480E-01
        0.388488E-01
        0.388500E-01
        0.388516E-01
        0.388535E-01
        0.388558E-01
        0.388584E-01
        0.388614E-01
        0.388648E-01
        0.388686E-01
        0.388727E-01
        0.388772E-01
        0.388820E-01
        0.388872E-01
        0.388928E-01
        0.388987E-01
        0.389050E-01
        0.389117E-01
        0.389187E-01
        0.389261E-01
        0.389339E-01
        0.389420E-01
        0.389505E-01
        0.389594E-01
        0.389686E-01
        0.389782E-01
        0.389881E-01
        0.389984E-01
        0.390091E-01
        0.390201E-01
        0.390315E-01
        0.390432E-01
        0.390553E-01
        0.390677E-01
        0.390806E-01
        0.390937E-01
        0.391072E-01
        0.391211E-01
        0.391353E-01
        0.391499E-01
        0.391648E-01
        0.391801E-01
        0.391958E-01
        0.392117E-01
        0.392280E-01
        0.392447E-01
        0.392617E-01
        0.392791E-01
        0.392968E-01
        0.393148E-01
        0.393332E-01
        0.393519E-01
        0.393710E-01
        0.393903E-01
        0.394101E-01
        0.394301E-01
        0.394505E-01
        0.394712E-01
        0.394923E-01
        0.395136E-01
        0.395353E-01
        0.395573E-01
        0.395797E-01
        0.396023E-01
        0.396253E-01
        0.396486E-01
        0.396722E-01
        0.396961E-01
        0.397204E-01
        0.397449E-01
        0.397698E-01
        0.397949E-01
        0.398204E-01
        0.398462E-01
        0.398722E-01
        0.398986E-01
        0.399253E-01
        0.399522E-01
        0.399795E-01
        0.400070E-01
        0.400348E-01
        0.400630E-01
        0.400914E-01
        0.401200E-01
        0.401490E-01
        0.401782E-01
        0.402078E-01
        0.402375E-01
        0.402676E-01
        0.402979E-01
        0.403285E-01
        0.403594E-01
        0.403905E-01
        0.404219E-01
        0.404536E-01
        0.404855E-01
        0.405177E-01
        0.405501E-01
        0.405827E-01
        0.406156E-01
        0.406488E-01
        0.406822E-01
        0.407158E-01
        0.407497E-01
        0.407838E-01
        0.408182E-01
        0.408527E-01
        0.408875E-01
        0.409226E-01
        0.409578E-01
        0.409933E-01
        0.410290E-01
        0.410649E-01
        0.411010E-01
        0.411374E-01
        0.411739E-01
        0.412107E-01
        0.412476E-01
        0.412848E-01
        0.413221E-01
        0.413597E-01
        0.413974E-01
        0.414354E-01
        0.414735E-01
        0.415118E-01
        0.415503E-01
        0.415890E-01
        0.416279E-01
        0.416669E-01
        0.417061E-01
        0.417455E-01
        0.417851E-01
        0.418248E-01
        0.418647E-01
        0.419047E-01
        0.419449E-01
        0.419853E-01
        0.420258E-01
        0.420665E-01
        0.421073E-01
        0.421483E-01
        0.421894E-01
        0.422307E-01
        0.422721E-01
        0.423136E-01
        0.423553E-01
        0.423971E-01
        0.424390E-01
        0.424810E-01
        0.425232E-01
        0.425655E-01
        0.426080E-01
        0.426505E-01
        0.426932E-01
        0.427359E-01
        0.427788E-01
        0.428218E-01
        0.428649E-01
        0.429081E-01
        0.429514E-01
        0.429948E-01
        0.430383E-01
        0.430818E-01
        0.431255E-01
        0.431693E-01
        0.432131E-01
        0.432571E-01
        0.433011E-01
        0.433452E-01
        0.433893E-01
        0.434336E-01
        0.434779E-01
        0.435223E-01
        0.435667E-01
        0.436112E-01
        0.436558E-01
        0.437004E-01
        0.437451E-01
        0.437899E-01
        0.438347E-01
        0.438795E-01
        0.439244E-01
        0.439694E-01
        0.440144E-01
        0.440594E-01
        0.441045E-01
        0.441496E-01
        0.441947E-01
        0.442399E-01
        0.442851E-01
        0.443304E-01
        0.443756E-01
        0.444209E-01
        0.444662E-01
        0.445116E-01
        0.445569E-01
        0.446023E-01
        0.446477E-01
        0.446931E-01
        0.447384E-01
        0.447839E-01
        0.448293E-01
        0.448747E-01
        0.449201E-01
        0.449655E-01
        0.450109E-01
        0.450563E-01
        0.451017E-01
        0.451471E-01
        0.451925E-01
        0.452378E-01
        0.452832E-01
        0.453285E-01
        0.453738E-01
        0.454191E-01
        0.454644E-01
        0.455096E-01
        0.455548E-01
        0.456000E-01
        0.456452E-01
        0.456903E-01
        0.457354E-01
        0.457804E-01
        0.458255E-01
        0.458704E-01
        0.459153E-01
        0.459602E-01
        0.460051E-01
        0.460499E-01
        0.460946E-01
        0.461393E-01
        0.461839E-01
        0.462285E-01
        0.462730E-01
        0.463175E-01
        0.463619E-01
        0.464062E-01
        0.464505E-01
        0.464947E-01
        0.465388E-01
        0.465829E-01
        0.466269E-01
        0.466708E-01
        0.467147E-01
        0.467585E-01
        0.468022E-01
        0.468458E-01
        0.468893E-01
        0.469328E-01
        0.469761E-01
        0.470194E-01
        0.470626E-01
        0.471057E-01
        0.471487E-01
        0.471916E-01
        0.472345E-01
        0.472772E-01
        0.473198E-01
        0.473624E-01
        0.474048E-01
        0.474471E-01
        0.474893E-01
        0.475314E-01
        0.475734E-01
        0.476153E-01
        0.476571E-01
        0.476988E-01
        0.477404E-01
        0.477818E-01
        0.478231E-01
        0.478643E-01
        0.479054E-01
        0.479464E-01
        0.479872E-01
        0.480280E-01
        0.480685E-01
        0.481090E-01
        0.481493E-01
        0.481895E-01
        0.482296E-01
        0.482696E-01
        0.483094E-01
        0.483490E-01
        0.483885E-01
        0.484279E-01
        0.484672E-01
        0.485063E-01
        0.485452E-01
        0.485841E-01
        0.486227E-01
        0.486612E-01
        0.486996E-01
        0.487378E-01
        0.487759E-01
        0.488138E-01
        0.488515E-01
        0.488891E-01
        0.489266E-01
        0.489639E-01
        0.490010E-01
        0.490379E-01
        0.490747E-01
        0.491113E-01
        0.491478E-01
        0.491841E-01
        0.492202E-01
        0.492562E-01
        0.492919E-01
        0.493276E-01
        0.493630E-01
        0.493982E-01
        0.494333E-01
        0.494682E-01
        0.495029E-01
        0.495375E-01
        0.495718E-01
        0.496060E-01
        0.496400E-01
        0.496738E-01
        0.497074E-01
        0.497408E-01
        0.497741E-01
        0.498071E-01
        0.498400E-01
        0.498726E-01
        0.499051E-01
        0.499373E-01
        0.499694E-01
        0.500013E-01
        0.500329E-01
        0.500644E-01
        0.500956E-01
        0.501267E-01
        0.501575E-01
        0.501882E-01
        0.502186E-01
        0.502488E-01
        0.502789E-01
        0.503087E-01
        0.503383E-01
        0.503676E-01
        0.503968E-01
        0.504258E-01
        0.504545E-01
        0.504830E-01
        0.505113E-01
        0.505394E-01
        0.505672E-01
        0.505948E-01
        0.506223E-01
        0.506494E-01
        0.506764E-01
        0.507031E-01
        0.507296E-01
        0.507559E-01
        0.507819E-01
        0.508077E-01
        0.508333E-01
        0.508586E-01
        0.508837E-01
        0.509086E-01
        0.509332E-01
        0.509576E-01
        0.509818E-01
        0.510057E-01
        0.510294E-01
        0.510528E-01
        0.510760E-01
        0.510990E-01
        0.511217E-01
        0.511441E-01
        0.511663E-01
        0.511883E-01
        0.512100E-01
        0.512315E-01
        0.512527E-01
        0.512736E-01
        0.512943E-01
        0.513148E-01
        0.513350E-01
        0.513549E-01
        0.513746E-01
        0.513941E-01
        0.514132E-01
        0.514322E-01
        0.514508E-01
        0.514692E-01
        0.514874E-01
        0.515052E-01
        0.515229E-01
        0.515402E-01
        0.515573E-01
        0.515741E-01
        0.515907E-01
        0.516070E-01
        0.516230E-01
        0.516388E-01
        0.516542E-01
        0.516695E-01
        0.516844E-01
        0.516991E-01
        0.517135E-01
        0.517276E-01
        0.517415E-01
        0.517551E-01
        0.517684E-01
        0.517815E-01
        0.517942E-01
        0.518067E-01
        0.518189E-01
        0.518309E-01
        0.518425E-01
        0.518539E-01
        0.518650E-01
        0.518759E-01
        0.518864E-01
        0.518967E-01
        0.519067E-01
        0.519164E-01
        0.519258E-01
        0.519350E-01
        0.519438E-01
        0.519524E-01
        0.519607E-01
        0.519688E-01
        0.519765E-01
        0.519839E-01
        0.519911E-01
        0.519980E-01
        0.520046E-01
        0.520109E-01
        0.520170E-01
        0.520227E-01
        0.520282E-01
        0.520333E-01
        0.520382E-01
        0.520428E-01
        0.520471E-01
        0.520512E-01
        0.520549E-01
        0.520584E-01
        0.520615E-01
        0.520644E-01
        0.520670E-01
        0.520693E-01
        0.520713E-01
        0.520731E-01
        0.520745E-01
        0.520757E-01
        0.520765E-01
        0.520771E-01
        0.520774E-01
