        0.133349E-03
        0.133604E-03
        0.134116E-03
        0.134885E-03
        0.135916E-03
        0.137212E-03
        0.138778E-03
        0.140621E-03
        0.142747E-03
        0.145166E-03
        0.147886E-03
        0.150918E-03
        0.154274E-03
        0.157966E-03
        0.162009E-03
        0.166417E-03
        0.171208E-03
        0.176398E-03
        0.182006E-03
        0.188053E-03
        0.194560E-03
        0.201549E-03
        0.209044E-03
        0.217071E-03
        0.225656E-03
        0.234826E-03
        0.244609E-03
        0.255037E-03
        0.266138E-03
        0.277946E-03
        0.290493E-03
        0.303811E-03
        0.317936E-03
        0.332901E-03
        0.348742E-03
        0.365493E-03
        0.383189E-03
        0.401866E-03
        0.421557E-03
        0.442295E-03
        0.464114E-03
        0.487044E-03
        0.511115E-03
        0.536355E-03
        0.562789E-03
        0.590439E-03
        0.619325E-03
        0.649464E-03
        0.680869E-03
        0.713549E-03
        0.747506E-03
        0.782743E-03
        0.819252E-03
        0.857023E-03
        0.896039E-03
        0.936279E-03
        0.977714E-03
        0.102031E-02
        0.106402E-02
        0.110880E-02
        0.115460E-02
        0.120135E-02
        0.124899E-02
        0.129744E-02
        0.134661E-02
        0.139643E-02
        0.144679E-02
        0.149760E-02
        0.154875E-02
        0.160013E-02
        0.165162E-02
        0.170311E-02
        0.175446E-02
        0.180556E-02
        0.185627E-02
        0.190646E-02
        0.195599E-02
        0.200474E-02
        0.205255E-02
        0.209931E-02
        0.214488E-02
        0.218911E-02
        0.223189E-02
        0.227308E-02
        0.231257E-02
        0.235022E-02
        0.238593E-02
        0.241958E-02
        0.245107E-02
        0.248030E-02
        0.250718E-02
        0.253162E-02
        0.255355E-02
        0.257289E-02
        0.258959E-02
        0.260359E-02
        0.261484E-02
        0.262331E-02
        0.262898E-02
        0.263181E-02
