        0.140461E+04
        0.140468E+04
        0.140483E+04
        0.140505E+04
        0.140534E+04
        0.140570E+04
        0.140613E+04
        0.140664E+04
        0.140721E+04
        0.140785E+04
        0.140857E+04
        0.140934E+04
        0.141019E+04
        0.141109E+04
        0.141206E+04
        0.141309E+04
        0.141419E+04
        0.141534E+04
        0.141654E+04
        0.141780E+04
        0.141911E+04
        0.142048E+04
        0.142189E+04
        0.142335E+04
        0.142485E+04
        0.142640E+04
        0.142798E+04
        0.142961E+04
        0.143127E+04
        0.143296E+04
        0.143468E+04
        0.143644E+04
        0.143822E+04
        0.144002E+04
        0.144184E+04
        0.144368E+04
        0.144554E+04
        0.144742E+04
        0.144931E+04
        0.145120E+04
        0.145311E+04
        0.145501E+04
        0.145693E+04
        0.145884E+04
        0.146075E+04
        0.146266E+04
        0.146456E+04
        0.146645E+04
        0.146834E+04
        0.147021E+04
        0.147207E+04
        0.147392E+04
        0.147574E+04
        0.147755E+04
        0.147934E+04
        0.148111E+04
        0.148285E+04
        0.148457E+04
        0.148626E+04
        0.148792E+04
        0.148956E+04
        0.149116E+04
        0.149274E+04
        0.149428E+04
        0.149578E+04
        0.149726E+04
        0.149870E+04
        0.150010E+04
        0.150146E+04
        0.150279E+04
        0.150408E+04
        0.150533E+04
        0.150654E+04
        0.150771E+04
        0.150884E+04
        0.150993E+04
        0.151097E+04
        0.151198E+04
        0.151294E+04
        0.151386E+04
        0.151474E+04
        0.151558E+04
        0.151637E+04
        0.151712E+04
        0.151782E+04
        0.151848E+04
        0.151910E+04
        0.151967E+04
        0.152020E+04
        0.152069E+04
        0.152113E+04
        0.152153E+04
        0.152188E+04
        0.152219E+04
        0.152246E+04
        0.152268E+04
        0.152286E+04
        0.152299E+04
        0.152308E+04
        0.152312E+04
