        0.200000E+02
        0.202400E+02
        0.204829E+02
        0.207286E+02
        0.209773E+02
        0.212288E+02
        0.214833E+02
        0.217406E+02
        0.220008E+02
        0.222639E+02
        0.225299E+02
        0.227988E+02
        0.230705E+02
        0.233451E+02
        0.236225E+02
        0.239027E+02
        0.241857E+02
        0.244716E+02
        0.247602E+02
        0.250515E+02
        0.253456E+02
        0.256424E+02
        0.259418E+02
        0.262438E+02
        0.265485E+02
        0.268557E+02
        0.271655E+02
        0.274777E+02
        0.277924E+02
        0.281094E+02
        0.284288E+02
        0.287505E+02
        0.290744E+02
        0.294005E+02
        0.297287E+02
        0.300590E+02
        0.303913E+02
        0.307254E+02
        0.310615E+02
        0.313993E+02
        0.317389E+02
        0.320800E+02
        0.324227E+02
        0.327669E+02
        0.331125E+02
        0.334593E+02
        0.338074E+02
        0.341566E+02
        0.345067E+02
        0.348578E+02
        0.352098E+02
        0.355624E+02
        0.359156E+02
        0.362693E+02
        0.366235E+02
        0.369779E+02
        0.373324E+02
        0.376871E+02
        0.380416E+02
        0.383960E+02
        0.387501E+02
        0.391038E+02
        0.394570E+02
        0.398094E+02
        0.401611E+02
        0.405119E+02
        0.408616E+02
        0.412102E+02
        0.415575E+02
        0.419034E+02
        0.422477E+02
        0.425904E+02
        0.429312E+02
        0.432702E+02
        0.436070E+02
        0.439417E+02
        0.442741E+02
        0.446041E+02
        0.449314E+02
        0.452561E+02
        0.455780E+02
        0.458970E+02
        0.462129E+02
        0.465257E+02
        0.468351E+02
        0.471412E+02
        0.474437E+02
        0.477426E+02
        0.480378E+02
        0.483291E+02
        0.486165E+02
        0.488998E+02
        0.491790E+02
        0.494539E+02
        0.497245E+02
        0.499906E+02
        0.502522E+02
        0.505092E+02
        0.507615E+02
        0.510090E+02
        0.512517E+02
        0.514894E+02
        0.517222E+02
        0.519498E+02
        0.521724E+02
        0.523897E+02
        0.526018E+02
        0.528086E+02
        0.530101E+02
        0.532062E+02
        0.533968E+02
        0.535819E+02
        0.537616E+02
        0.539356E+02
        0.541041E+02
        0.542671E+02
        0.544243E+02
        0.545760E+02
        0.547220E+02
        0.548623E+02
        0.549969E+02
        0.551259E+02
        0.552492E+02
        0.553667E+02
        0.554786E+02
        0.555849E+02
        0.556855E+02
        0.557804E+02
        0.558697E+02
        0.559533E+02
        0.560314E+02
        0.561039E+02
        0.561709E+02
        0.562324E+02
        0.562883E+02
        0.563389E+02
        0.563840E+02
        0.564237E+02
        0.564581E+02
        0.564873E+02
        0.565111E+02
        0.565298E+02
        0.565433E+02
        0.565517E+02
        0.565551E+02
        0.565535E+02
        0.565469E+02
        0.565354E+02
        0.565191E+02
        0.564981E+02
        0.564723E+02
        0.564419E+02
        0.564068E+02
        0.563673E+02
        0.563233E+02
        0.562748E+02
        0.562221E+02
        0.561651E+02
        0.561038E+02
        0.560384E+02
        0.559690E+02
        0.558955E+02
        0.558182E+02
        0.557369E+02
        0.556518E+02
        0.555631E+02
        0.554706E+02
        0.553745E+02
        0.552750E+02
        0.551719E+02
        0.550655E+02
        0.549557E+02
        0.548427E+02
        0.547266E+02
        0.546072E+02
        0.544849E+02
        0.543595E+02
        0.542313E+02
        0.541002E+02
        0.539663E+02
        0.538297E+02
        0.536904E+02
        0.535485E+02
        0.534042E+02
        0.532573E+02
        0.531081E+02
        0.529565E+02
        0.528026E+02
        0.526466E+02
        0.524884E+02
        0.523281E+02
        0.521657E+02
        0.520014E+02
        0.518352E+02
        0.516671E+02
        0.514972E+02
        0.513255E+02
        0.511522E+02
        0.509772E+02
        0.508007E+02
        0.506226E+02
        0.504430E+02
        0.502621E+02
        0.500797E+02
        0.498960E+02
        0.497110E+02
        0.495249E+02
        0.493375E+02
        0.491490E+02
        0.489594E+02
        0.487687E+02
        0.485771E+02
        0.483845E+02
        0.481910E+02
        0.479967E+02
        0.478015E+02
        0.476055E+02
        0.474088E+02
        0.472113E+02
        0.470132E+02
        0.468145E+02
        0.466152E+02
        0.464153E+02
        0.462149E+02
        0.460141E+02
        0.458127E+02
        0.456110E+02
        0.454089E+02
        0.452064E+02
        0.450036E+02
        0.448006E+02
        0.445972E+02
        0.443937E+02
        0.441899E+02
        0.439860E+02
        0.437819E+02
        0.435778E+02
        0.433735E+02
        0.431692E+02
        0.429649E+02
        0.427605E+02
        0.425562E+02
        0.423519E+02
        0.421476E+02
        0.419435E+02
        0.417394E+02
        0.415355E+02
        0.413318E+02
        0.411282E+02
        0.409248E+02
        0.407216E+02
        0.405187E+02
        0.403160E+02
        0.401136E+02
        0.399114E+02
        0.397096E+02
        0.395081E+02
        0.393069E+02
        0.391061E+02
        0.389057E+02
        0.387056E+02
        0.385060E+02
        0.383068E+02
        0.381079E+02
        0.379096E+02
        0.377117E+02
        0.375142E+02
        0.373173E+02
        0.371208E+02
        0.369249E+02
        0.367294E+02
        0.365345E+02
        0.363402E+02
        0.361464E+02
        0.359531E+02
        0.357604E+02
        0.355683E+02
        0.353768E+02
        0.351859E+02
        0.349956E+02
        0.348059E+02
        0.346169E+02
        0.344284E+02
        0.342406E+02
        0.340535E+02
        0.338670E+02
        0.336812E+02
        0.334960E+02
        0.333115E+02
        0.331277E+02
        0.329446E+02
        0.327622E+02
        0.325804E+02
        0.323994E+02
        0.322191E+02
        0.320395E+02
        0.318606E+02
        0.316824E+02
        0.315050E+02
        0.313282E+02
        0.311522E+02
        0.309770E+02
        0.308025E+02
        0.306287E+02
        0.304557E+02
        0.302834E+02
        0.301119E+02
        0.299411E+02
        0.297711E+02
        0.296019E+02
        0.294334E+02
        0.292656E+02
        0.290987E+02
        0.289325E+02
        0.287671E+02
        0.286024E+02
        0.284385E+02
        0.282754E+02
        0.281131E+02
        0.279515E+02
        0.277907E+02
        0.276307E+02
        0.274715E+02
        0.273130E+02
        0.271553E+02
        0.269984E+02
        0.268423E+02
        0.266869E+02
        0.265324E+02
        0.263786E+02
        0.262256E+02
        0.260733E+02
        0.259219E+02
        0.257712E+02
        0.256213E+02
        0.254721E+02
        0.253238E+02
        0.251762E+02
        0.250294E+02
        0.248833E+02
        0.247381E+02
        0.245936E+02
        0.244498E+02
        0.243069E+02
        0.241647E+02
        0.240232E+02
        0.238826E+02
        0.237427E+02
        0.236035E+02
        0.234651E+02
        0.233275E+02
        0.231906E+02
        0.230545E+02
        0.229191E+02
        0.227845E+02
        0.226506E+02
        0.225175E+02
        0.223851E+02
        0.222535E+02
        0.221226E+02
        0.219924E+02
        0.218630E+02
        0.217343E+02
        0.216063E+02
        0.214791E+02
        0.213526E+02
        0.212268E+02
        0.211018E+02
        0.209774E+02
        0.208538E+02
        0.207309E+02
        0.206087E+02
        0.204873E+02
        0.203665E+02
        0.202464E+02
        0.201271E+02
        0.200084E+02
        0.198904E+02
        0.197732E+02
        0.196566E+02
        0.195407E+02
        0.194255E+02
        0.193110E+02
        0.191972E+02
        0.190840E+02
        0.189716E+02
        0.188598E+02
        0.187486E+02
        0.186382E+02
        0.185284E+02
        0.184193E+02
        0.183108E+02
        0.182030E+02
        0.180958E+02
        0.179893E+02
        0.178834E+02
        0.177782E+02
        0.176737E+02
        0.175697E+02
        0.174664E+02
        0.173638E+02
        0.172617E+02
        0.171603E+02
        0.170596E+02
        0.169594E+02
        0.168599E+02
        0.167610E+02
        0.166627E+02
        0.165650E+02
        0.164679E+02
        0.163714E+02
        0.162755E+02
        0.161803E+02
        0.160856E+02
        0.159915E+02
        0.158980E+02
        0.158051E+02
        0.157128E+02
        0.156211E+02
        0.155299E+02
        0.154393E+02
        0.153493E+02
        0.152599E+02
        0.151710E+02
        0.150827E+02
        0.149949E+02
        0.149077E+02
        0.148211E+02
        0.147350E+02
        0.146495E+02
        0.145645E+02
        0.144801E+02
        0.143962E+02
        0.143128E+02
        0.142300E+02
        0.141477E+02
        0.140660E+02
        0.139847E+02
        0.139040E+02
        0.138238E+02
        0.137442E+02
        0.136650E+02
        0.135864E+02
        0.135083E+02
        0.134306E+02
        0.133535E+02
        0.132769E+02
        0.132008E+02
        0.131252E+02
        0.130501E+02
        0.129754E+02
        0.129013E+02
        0.128276E+02
        0.127545E+02
        0.126818E+02
        0.126096E+02
        0.125378E+02
        0.124666E+02
        0.123958E+02
        0.123254E+02
        0.122556E+02
        0.121862E+02
        0.121172E+02
        0.120487E+02
        0.119807E+02
        0.119131E+02
        0.118460E+02
        0.117793E+02
        0.117131E+02
        0.116472E+02
        0.115819E+02
        0.115170E+02
        0.114525E+02
        0.113884E+02
        0.113248E+02
        0.112616E+02
        0.111988E+02
        0.111364E+02
        0.110745E+02
        0.110129E+02
        0.109518E+02
        0.108911E+02
        0.108308E+02
        0.107709E+02
        0.107115E+02
        0.106524E+02
        0.105937E+02
        0.105354E+02
        0.104775E+02
        0.104200E+02
        0.103629E+02
        0.103062E+02
        0.102499E+02
        0.101939E+02
        0.101384E+02
        0.100832E+02
        0.100284E+02
        0.997391E+01
        0.991985E+01
        0.986615E+01
        0.981283E+01
        0.975986E+01
        0.970727E+01
        0.965503E+01
        0.960315E+01
        0.955163E+01
        0.950046E+01
        0.944965E+01
        0.939919E+01
        0.934907E+01
        0.929931E+01
        0.924988E+01
        0.920080E+01
        0.915206E+01
        0.910366E+01
        0.905560E+01
        0.900787E+01
        0.896047E+01
        0.891340E+01
        0.886666E+01
        0.882024E+01
        0.877416E+01
        0.872839E+01
        0.868294E+01
        0.863781E+01
        0.859300E+01
        0.854851E+01
        0.850432E+01
        0.846045E+01
        0.841689E+01
        0.837363E+01
        0.833068E+01
        0.828804E+01
        0.824569E+01
        0.820365E+01
        0.816190E+01
        0.812045E+01
        0.807930E+01
        0.803844E+01
        0.799787E+01
        0.795759E+01
        0.791759E+01
        0.787789E+01
        0.783846E+01
        0.779932E+01
        0.776047E+01
        0.772189E+01
        0.768358E+01
        0.764556E+01
        0.760781E+01
        0.757033E+01
        0.753312E+01
        0.749618E+01
        0.745951E+01
        0.742311E+01
        0.738697E+01
        0.735109E+01
        0.731548E+01
        0.728012E+01
        0.724503E+01
        0.721019E+01
        0.717561E+01
        0.714128E+01
        0.710720E+01
        0.707338E+01
        0.703980E+01
        0.700648E+01
        0.697340E+01
        0.694056E+01
        0.690797E+01
        0.687562E+01
        0.684351E+01
        0.681164E+01
        0.678001E+01
        0.674862E+01
        0.671746E+01
        0.668654E+01
        0.665585E+01
        0.662539E+01
        0.659516E+01
        0.656516E+01
        0.653539E+01
        0.650585E+01
        0.647653E+01
        0.644743E+01
        0.641855E+01
        0.638990E+01
        0.636147E+01
        0.633325E+01
        0.630526E+01
        0.627747E+01
        0.624991E+01
        0.622256E+01
        0.619542E+01
        0.616849E+01
        0.614177E+01
        0.611526E+01
        0.608896E+01
        0.606287E+01
        0.603698E+01
        0.601130E+01
        0.598582E+01
        0.596055E+01
        0.593547E+01
        0.591060E+01
        0.588592E+01
        0.586144E+01
        0.583716E+01
        0.581308E+01
        0.578919E+01
        0.576550E+01
        0.574199E+01
        0.571868E+01
        0.569556E+01
        0.567264E+01
        0.564990E+01
        0.562734E+01
        0.560498E+01
        0.558280E+01
        0.556081E+01
        0.553900E+01
        0.551737E+01
        0.549593E+01
        0.547467E+01
        0.545359E+01
        0.543269E+01
        0.541196E+01
        0.539142E+01
        0.537105E+01
        0.535086E+01
        0.533085E+01
        0.531101E+01
        0.529134E+01
        0.527185E+01
        0.525252E+01
        0.523337E+01
        0.521439E+01
        0.519559E+01
        0.517694E+01
        0.515847E+01
        0.514017E+01
        0.512203E+01
        0.510406E+01
        0.508625E+01
        0.506861E+01
        0.505113E+01
        0.503382E+01
        0.501667E+01
        0.499968E+01
        0.498285E+01
        0.496618E+01
        0.494967E+01
        0.493332E+01
        0.491713E+01
        0.490110E+01
        0.488523E+01
        0.486951E+01
        0.485394E+01
        0.483854E+01
        0.482329E+01
        0.480819E+01
        0.479325E+01
        0.477846E+01
        0.476382E+01
        0.474934E+01
        0.473500E+01
        0.472082E+01
        0.470679E+01
        0.469291E+01
        0.467918E+01
        0.466559E+01
        0.465216E+01
        0.463888E+01
        0.462574E+01
        0.461275E+01
        0.459990E+01
        0.458721E+01
        0.457466E+01
        0.456225E+01
        0.454999E+01
        0.453788E+01
        0.452591E+01
        0.451408E+01
        0.450240E+01
        0.449086E+01
        0.447947E+01
        0.446821E+01
        0.445710E+01
        0.444613E+01
        0.443531E+01
        0.442462E+01
        0.441408E+01
        0.440368E+01
        0.439341E+01
        0.438329E+01
        0.437331E+01
        0.436347E+01
        0.435377E+01
        0.434421E+01
        0.433478E+01
        0.432550E+01
        0.431636E+01
        0.430735E+01
        0.429848E+01
        0.428975E+01
        0.428116E+01
        0.427271E+01
        0.426440E+01
        0.425622E+01
        0.424818E+01
        0.424028E+01
        0.423252E+01
        0.422490E+01
        0.421741E+01
        0.421006E+01
        0.420285E+01
        0.419577E+01
        0.418884E+01
        0.418204E+01
        0.417537E+01
        0.416885E+01
        0.416246E+01
        0.415621E+01
        0.415010E+01
        0.414413E+01
        0.413829E+01
        0.413259E+01
        0.412703E+01
        0.412161E+01
        0.411633E+01
        0.411118E+01
        0.410618E+01
        0.410131E+01
        0.409658E+01
        0.409199E+01
        0.408754E+01
        0.408323E+01
        0.407906E+01
        0.407503E+01
        0.407115E+01
        0.406740E+01
        0.406379E+01
        0.406032E+01
        0.405700E+01
        0.405382E+01
        0.405078E+01
        0.404788E+01
        0.404513E+01
        0.404252E+01
        0.404005E+01
        0.403773E+01
        0.403555E+01
        0.403352E+01
        0.403163E+01
        0.402989E+01
        0.402830E+01
        0.402685E+01
        0.402556E+01
        0.402441E+01
        0.402341E+01
        0.402256E+01
        0.402186E+01
        0.402131E+01
        0.402091E+01
        0.402067E+01
        0.402058E+01
        0.402064E+01
        0.402085E+01
        0.402123E+01
        0.402175E+01
        0.402244E+01
        0.402328E+01
        0.402428E+01
        0.402544E+01
        0.402676E+01
        0.402824E+01
        0.402989E+01
        0.403169E+01
        0.403367E+01
        0.403580E+01
        0.403810E+01
        0.404057E+01
        0.404321E+01
        0.404601E+01
        0.404899E+01
        0.405214E+01
        0.405546E+01
        0.405895E+01
        0.406262E+01
        0.406647E+01
        0.407049E+01
        0.407469E+01
        0.407908E+01
        0.408364E+01
        0.408839E+01
        0.409332E+01
        0.409844E+01
        0.410374E+01
        0.410923E+01
        0.411492E+01
        0.412079E+01
        0.412686E+01
        0.413313E+01
        0.413959E+01
        0.414625E+01
        0.415311E+01
        0.416017E+01
        0.416744E+01
        0.417491E+01
        0.418259E+01
        0.419048E+01
        0.419858E+01
        0.420689E+01
        0.421542E+01
        0.422416E+01
        0.423313E+01
        0.424232E+01
        0.425173E+01
        0.426137E+01
        0.427124E+01
        0.428133E+01
        0.429167E+01
        0.430223E+01
        0.431304E+01
        0.432408E+01
        0.433537E+01
        0.434691E+01
        0.435869E+01
        0.437072E+01
        0.438301E+01
        0.439556E+01
        0.440836E+01
        0.442143E+01
        0.443476E+01
        0.444836E+01
        0.446223E+01
        0.447638E+01
        0.449081E+01
        0.450551E+01
        0.452050E+01
        0.453578E+01
        0.455135E+01
        0.456722E+01
        0.458338E+01
        0.459985E+01
        0.461662E+01
        0.463370E+01
        0.465109E+01
        0.466881E+01
        0.468684E+01
        0.470520E+01
        0.472388E+01
        0.474291E+01
        0.476226E+01
        0.478197E+01
        0.480202E+01
        0.482242E+01
        0.484317E+01
        0.486429E+01
        0.488577E+01
        0.490762E+01
        0.492985E+01
        0.495246E+01
        0.497545E+01
        0.499884E+01
        0.502262E+01
        0.504680E+01
        0.507139E+01
        0.509639E+01
        0.512181E+01
        0.514765E+01
        0.517393E+01
        0.520064E+01
        0.522779E+01
        0.525539E+01
        0.528345E+01
        0.531196E+01
        0.534095E+01
        0.537041E+01
        0.540035E+01
        0.543078E+01
        0.546171E+01
        0.549314E+01
        0.552508E+01
        0.555754E+01
        0.559052E+01
        0.562404E+01
        0.565810E+01
        0.569271E+01
        0.572787E+01
        0.576360E+01
        0.579991E+01
        0.583680E+01
        0.587428E+01
        0.591236E+01
        0.595105E+01
        0.599036E+01
        0.603029E+01
        0.607087E+01
        0.611209E+01
        0.615397E+01
        0.619652E+01
        0.623975E+01
        0.628366E+01
        0.632828E+01
        0.637360E+01
        0.641965E+01
        0.646643E+01
        0.651395E+01
        0.656222E+01
        0.661127E+01
        0.666109E+01
        0.671170E+01
        0.676312E+01
        0.681535E+01
        0.686841E+01
        0.692232E+01
        0.697708E+01
        0.703270E+01
        0.708921E+01
        0.714662E+01
        0.720494E+01
        0.726418E+01
        0.732436E+01
        0.738550E+01
        0.744760E+01
        0.751069E+01
        0.757478E+01
        0.763989E+01
        0.770602E+01
        0.777321E+01
        0.784146E+01
        0.791080E+01
        0.798123E+01
        0.805278E+01
        0.812546E+01
        0.819930E+01
        0.827430E+01
        0.835049E+01
        0.842789E+01
        0.850652E+01
        0.858639E+01
        0.866753E+01
        0.874995E+01
        0.883368E+01
        0.891873E+01
        0.900512E+01
        0.909289E+01
        0.918204E+01
        0.927260E+01
        0.936459E+01
        0.945803E+01
        0.955295E+01
        0.964936E+01
        0.974730E+01
        0.984677E+01
        0.994782E+01
        0.100505E+02
        0.101547E+02
        0.102606E+02
        0.103681E+02
        0.104774E+02
        0.105883E+02
        0.107010E+02
        0.108155E+02
        0.109317E+02
        0.110498E+02
        0.111696E+02
        0.112914E+02
        0.114151E+02
        0.115406E+02
        0.116681E+02
        0.117976E+02
        0.119291E+02
        0.120626E+02
        0.121982E+02
        0.123359E+02
        0.124756E+02
        0.126175E+02
        0.127616E+02
        0.129079E+02
        0.130563E+02
        0.132071E+02
        0.133601E+02
        0.135154E+02
        0.136730E+02
        0.138331E+02
        0.139955E+02
        0.141603E+02
        0.143276E+02
        0.144973E+02
        0.146695E+02
        0.148443E+02
        0.150216E+02
        0.152015E+02
        0.153840E+02
        0.155692E+02
        0.157570E+02
        0.159475E+02
        0.161407E+02
        0.163366E+02
        0.165353E+02
        0.167368E+02
        0.169411E+02
        0.171482E+02
        0.173582E+02
        0.175710E+02
        0.177867E+02
        0.180054E+02
        0.182270E+02
        0.184515E+02
        0.186790E+02
        0.189094E+02
        0.191429E+02
        0.193794E+02
        0.196189E+02
        0.198614E+02
        0.201070E+02
        0.203556E+02
        0.206073E+02
        0.208620E+02
        0.211198E+02
        0.213807E+02
        0.216447E+02
        0.219118E+02
        0.221819E+02
        0.224551E+02
        0.227314E+02
        0.230107E+02
        0.232931E+02
        0.235785E+02
        0.238669E+02
        0.241584E+02
        0.244528E+02
        0.247502E+02
        0.250506E+02
        0.253539E+02
        0.256601E+02
        0.259692E+02
        0.262811E+02
        0.265958E+02
        0.269132E+02
        0.272334E+02
        0.275563E+02
        0.278819E+02
        0.282100E+02
        0.285406E+02
        0.288738E+02
        0.292094E+02
        0.295474E+02
        0.298876E+02
        0.302301E+02
        0.305749E+02
        0.309217E+02
        0.312705E+02
        0.316213E+02
        0.319740E+02
        0.323285E+02
        0.326847E+02
        0.330425E+02
        0.334019E+02
        0.337627E+02
        0.341249E+02
        0.344882E+02
        0.348528E+02
        0.352184E+02
        0.355849E+02
        0.359522E+02
        0.363203E+02
        0.366889E+02
        0.370580E+02
        0.374275E+02
        0.377973E+02
        0.381671E+02
        0.385370E+02
        0.389067E+02
        0.392761E+02
        0.396452E+02
        0.400138E+02
        0.403816E+02
        0.407488E+02
        0.411149E+02
        0.414801E+02
        0.418440E+02
        0.422066E+02
        0.425678E+02
        0.429273E+02
        0.432851E+02
        0.436410E+02
        0.439949E+02
        0.443466E+02
        0.446961E+02
        0.450431E+02
        0.453875E+02
        0.457293E+02
        0.460682E+02
        0.464041E+02
        0.467369E+02
        0.470666E+02
        0.473928E+02
        0.477156E+02
        0.480347E+02
        0.483502E+02
        0.486617E+02
        0.489693E+02
        0.492728E+02
        0.495722E+02
        0.498672E+02
        0.501578E+02
        0.504438E+02
        0.507253E+02
        0.510020E+02
        0.512739E+02
        0.515409E+02
        0.518029E+02
        0.520599E+02
        0.523116E+02
        0.525582E+02
        0.527994E+02
        0.530352E+02
        0.532656E+02
        0.534904E+02
        0.537097E+02
        0.539233E+02
        0.541313E+02
        0.543336E+02
        0.545300E+02
        0.547207E+02
        0.549055E+02
        0.550844E+02
        0.552574E+02
        0.554245E+02
        0.555856E+02
        0.557407E+02
        0.558899E+02
        0.560330E+02
        0.561702E+02
        0.563013E+02
        0.564265E+02
        0.565456E+02
        0.566587E+02
        0.567659E+02
        0.568670E+02
        0.569622E+02
        0.570515E+02
        0.571349E+02
        0.572124E+02
        0.572840E+02
        0.573498E+02
        0.574098E+02
        0.574641E+02
        0.575126E+02
        0.575554E+02
        0.575927E+02
        0.576243E+02
        0.576504E+02
        0.576710E+02
        0.576862E+02
        0.576960E+02
        0.577004E+02
        0.576996E+02
        0.576936E+02
        0.576824E+02
        0.576662E+02
        0.576449E+02
        0.576186E+02
        0.575875E+02
        0.575515E+02
        0.575108E+02
        0.574653E+02
        0.574153E+02
        0.573606E+02
        0.573015E+02
        0.572380E+02
        0.571701E+02
        0.570980E+02
        0.570217E+02
        0.569412E+02
        0.568567E+02
        0.567682E+02
        0.566758E+02
        0.565795E+02
        0.564795E+02
        0.563759E+02
        0.562686E+02
        0.561577E+02
        0.560434E+02
        0.559257E+02
        0.558047E+02
        0.556804E+02
        0.555530E+02
        0.554225E+02
        0.552889E+02
        0.551523E+02
        0.550129E+02
        0.548706E+02
        0.547256E+02
        0.545779E+02
        0.544276E+02
        0.542748E+02
        0.541194E+02
        0.539617E+02
        0.538016E+02
        0.536392E+02
        0.534746E+02
        0.533079E+02
        0.531390E+02
        0.529681E+02
        0.527953E+02
        0.526205E+02
        0.524439E+02
        0.522655E+02
        0.520854E+02
        0.519035E+02
        0.517201E+02
        0.515351E+02
        0.513486E+02
        0.511607E+02
        0.509713E+02
        0.507806E+02
        0.505886E+02
        0.503954E+02
        0.502010E+02
        0.500054E+02
        0.498087E+02
        0.496110E+02
        0.494122E+02
        0.492126E+02
        0.490120E+02
        0.488105E+02
        0.486082E+02
        0.484051E+02
        0.482013E+02
        0.479968E+02
        0.477916E+02
        0.475858E+02
        0.473795E+02
        0.471726E+02
        0.469652E+02
        0.467573E+02
        0.465490E+02
        0.463403E+02
        0.461312E+02
        0.459218E+02
        0.457121E+02
        0.455021E+02
        0.452919E+02
        0.450816E+02
        0.448710E+02
        0.446603E+02
        0.444495E+02
        0.442386E+02
        0.440276E+02
        0.438167E+02
        0.436057E+02
        0.433947E+02
        0.431838E+02
        0.429730E+02
        0.427622E+02
        0.425516E+02
        0.423411E+02
        0.421308E+02
        0.419207E+02
        0.417108E+02
        0.415011E+02
        0.412917E+02
        0.410825E+02
        0.408737E+02
        0.406651E+02
        0.404569E+02
        0.402490E+02
        0.400415E+02
        0.398343E+02
        0.396276E+02
        0.394212E+02
        0.392153E+02
        0.390098E+02
        0.388048E+02
        0.386002E+02
        0.383962E+02
        0.381926E+02
        0.379895E+02
        0.377870E+02
        0.375850E+02
        0.373835E+02
        0.371827E+02
        0.369823E+02
        0.367826E+02
        0.365834E+02
        0.363849E+02
        0.361869E+02
        0.359896E+02
        0.357929E+02
        0.355969E+02
        0.354015E+02
        0.352068E+02
        0.350127E+02
        0.348193E+02
        0.346266E+02
        0.344345E+02
        0.342432E+02
        0.340525E+02
        0.338626E+02
        0.336734E+02
        0.334849E+02
        0.332971E+02
        0.331101E+02
        0.329238E+02
        0.327382E+02
        0.325534E+02
        0.323693E+02
        0.321860E+02
        0.320034E+02
        0.318216E+02
        0.316406E+02
        0.314604E+02
        0.312809E+02
        0.311022E+02
        0.309242E+02
        0.307471E+02
        0.305707E+02
        0.303952E+02
        0.302204E+02
        0.300464E+02
        0.298732E+02
        0.297008E+02
        0.295292E+02
        0.293584E+02
        0.291885E+02
        0.290193E+02
        0.288509E+02
        0.286833E+02
        0.285165E+02
        0.283506E+02
        0.281854E+02
        0.280211E+02
        0.278575E+02
        0.276948E+02
        0.275329E+02
        0.273718E+02
        0.272115E+02
        0.270520E+02
        0.268933E+02
        0.267354E+02
        0.265784E+02
        0.264221E+02
        0.262667E+02
        0.261120E+02
        0.259582E+02
        0.258052E+02
        0.256529E+02
        0.255015E+02
        0.253509E+02
        0.252011E+02
        0.250521E+02
        0.249039E+02
        0.247565E+02
        0.246099E+02
        0.244640E+02
        0.243190E+02
        0.241748E+02
        0.240313E+02
        0.238887E+02
        0.237468E+02
        0.236057E+02
        0.234654E+02
        0.233259E+02
        0.231872E+02
        0.230492E+02
        0.229120E+02
        0.227756E+02
        0.226400E+02
        0.225051E+02
        0.223710E+02
        0.222377E+02
        0.221051E+02
        0.219733E+02
        0.218422E+02
        0.217119E+02
        0.215824E+02
        0.214536E+02
        0.213255E+02
        0.211982E+02
        0.210716E+02
        0.209458E+02
        0.208207E+02
        0.206964E+02
        0.205728E+02
        0.204499E+02
        0.203277E+02
        0.202063E+02
        0.200856E+02
        0.199656E+02
        0.198463E+02
        0.197277E+02
        0.196099E+02
        0.194927E+02
        0.193763E+02
        0.192605E+02
        0.191455E+02
        0.190311E+02
        0.189175E+02
        0.188045E+02
        0.186922E+02
        0.185806E+02
        0.184697E+02
        0.183595E+02
        0.182499E+02
        0.181410E+02
        0.180328E+02
        0.179252E+02
        0.178183E+02
        0.177121E+02
        0.176065E+02
        0.175016E+02
        0.173973E+02
        0.172937E+02
        0.171907E+02
        0.170884E+02
        0.169867E+02
        0.168857E+02
        0.167852E+02
        0.166854E+02
        0.165863E+02
        0.164877E+02
        0.163898E+02
        0.162925E+02
        0.161958E+02
        0.160997E+02
        0.160042E+02
        0.159093E+02
        0.158151E+02
        0.157214E+02
        0.156283E+02
        0.155358E+02
        0.154439E+02
        0.153526E+02
        0.152619E+02
        0.151718E+02
        0.150822E+02
        0.149932E+02
        0.149048E+02
        0.148169E+02
        0.147296E+02
        0.146429E+02
        0.145567E+02
        0.144711E+02
        0.143861E+02
        0.143016E+02
        0.142176E+02
        0.141342E+02
        0.140513E+02
        0.139690E+02
        0.138872E+02
        0.138060E+02
        0.137252E+02
        0.136450E+02
        0.135653E+02
        0.134862E+02
        0.134075E+02
        0.133294E+02
        0.132518E+02
        0.131747E+02
        0.130981E+02
        0.130220E+02
        0.129464E+02
        0.128713E+02
        0.127967E+02
        0.127226E+02
        0.126490E+02
        0.125759E+02
        0.125032E+02
        0.124311E+02
        0.123594E+02
        0.122882E+02
        0.122174E+02
        0.121472E+02
        0.120774E+02
        0.120080E+02
        0.119392E+02
        0.118708E+02
        0.118028E+02
        0.117353E+02
        0.116683E+02
        0.116017E+02
        0.115355E+02
        0.114698E+02
        0.114046E+02
        0.113397E+02
        0.112753E+02
        0.112114E+02
        0.111479E+02
        0.110848E+02
        0.110221E+02
        0.109599E+02
        0.108980E+02
        0.108366E+02
        0.107756E+02
        0.107151E+02
        0.106549E+02
        0.105951E+02
        0.105358E+02
        0.104768E+02
        0.104183E+02
        0.103601E+02
        0.103024E+02
        0.102450E+02
        0.101881E+02
        0.101315E+02
        0.100753E+02
        0.100195E+02
        0.996407E+01
        0.990903E+01
        0.985437E+01
        0.980008E+01
        0.974617E+01
        0.969262E+01
        0.963945E+01
        0.958664E+01
        0.953420E+01
        0.948212E+01
        0.943040E+01
        0.937904E+01
        0.932803E+01
        0.927738E+01
        0.922707E+01
        0.917712E+01
        0.912751E+01
        0.907825E+01
        0.902934E+01
        0.898076E+01
        0.893252E+01
        0.888462E+01
        0.883705E+01
        0.878982E+01
        0.874292E+01
        0.869634E+01
        0.865009E+01
        0.860417E+01
        0.855857E+01
        0.851329E+01
        0.846833E+01
        0.842368E+01
        0.837935E+01
        0.833533E+01
        0.829163E+01
        0.824823E+01
        0.820514E+01
        0.816236E+01
        0.811988E+01
        0.807770E+01
        0.803582E+01
        0.799424E+01
        0.795295E+01
        0.791196E+01
        0.787127E+01
        0.783086E+01
        0.779074E+01
        0.775091E+01
        0.771137E+01
        0.767211E+01
        0.763313E+01
        0.759443E+01
        0.755601E+01
        0.751787E+01
        0.748000E+01
        0.744241E+01
        0.740509E+01
        0.736804E+01
        0.733125E+01
        0.729474E+01
        0.725849E+01
        0.722250E+01
        0.718678E+01
        0.715132E+01
        0.711612E+01
        0.708117E+01
        0.704648E+01
        0.701205E+01
        0.697787E+01
        0.694394E+01
        0.691026E+01
        0.687683E+01
        0.684364E+01
        0.681071E+01
        0.677801E+01
        0.674556E+01
        0.671335E+01
        0.668138E+01
        0.664965E+01
        0.661816E+01
        0.658690E+01
        0.655587E+01
        0.652508E+01
        0.649452E+01
        0.646419E+01
        0.643409E+01
        0.640422E+01
        0.637457E+01
        0.634515E+01
        0.631595E+01
        0.628697E+01
        0.625822E+01
        0.622968E+01
        0.620137E+01
        0.617327E+01
        0.614538E+01
        0.611771E+01
        0.609026E+01
        0.606301E+01
        0.603598E+01
        0.600916E+01
        0.598254E+01
        0.595614E+01
        0.592994E+01
        0.590394E+01
        0.587815E+01
        0.585257E+01
        0.582718E+01
        0.580199E+01
        0.577701E+01
        0.575222E+01
        0.572763E+01
        0.570324E+01
        0.567904E+01
        0.565504E+01
        0.563123E+01
        0.560761E+01
        0.558418E+01
        0.556094E+01
        0.553789E+01
        0.551503E+01
        0.549236E+01
        0.546987E+01
        0.544757E+01
        0.542545E+01
        0.540352E+01
        0.538176E+01
        0.536019E+01
        0.533880E+01
        0.531759E+01
        0.529655E+01
        0.527570E+01
        0.525502E+01
        0.523452E+01
        0.521419E+01
        0.519403E+01
        0.517405E+01
        0.515424E+01
        0.513460E+01
        0.511514E+01
        0.509584E+01
        0.507671E+01
        0.505775E+01
        0.503896E+01
        0.502033E+01
        0.500187E+01
        0.498357E+01
        0.496544E+01
        0.494748E+01
        0.492967E+01
        0.491203E+01
        0.489455E+01
        0.487723E+01
        0.486007E+01
        0.484306E+01
        0.482622E+01
        0.480954E+01
        0.479301E+01
        0.477664E+01
        0.476042E+01
        0.474436E+01
        0.472845E+01
        0.471270E+01
        0.469710E+01
        0.468166E+01
        0.466636E+01
        0.465122E+01
        0.463623E+01
        0.462138E+01
        0.460669E+01
        0.459215E+01
        0.457776E+01
        0.456351E+01
        0.454941E+01
        0.453546E+01
        0.452165E+01
        0.450800E+01
        0.449448E+01
        0.448111E+01
        0.446789E+01
        0.445481E+01
        0.444187E+01
        0.442908E+01
        0.441643E+01
        0.440392E+01
        0.439155E+01
        0.437933E+01
        0.436725E+01
        0.435530E+01
        0.434350E+01
        0.433184E+01
        0.432031E+01
        0.430893E+01
        0.429768E+01
        0.428657E+01
        0.427560E+01
        0.426477E+01
        0.425408E+01
        0.424352E+01
        0.423310E+01
        0.422281E+01
        0.421267E+01
        0.420265E+01
        0.419278E+01
        0.418304E+01
        0.417343E+01
        0.416396E+01
        0.415463E+01
        0.414543E+01
        0.413636E+01
        0.412743E+01
        0.411863E+01
        0.410996E+01
        0.410143E+01
        0.409303E+01
        0.408477E+01
        0.407664E+01
        0.406864E+01
        0.406078E+01
        0.405305E+01
        0.404545E+01
        0.403798E+01
        0.403065E+01
        0.402345E+01
        0.401638E+01
        0.400944E+01
        0.400264E+01
        0.399597E+01
        0.398943E+01
        0.398303E+01
        0.397676E+01
        0.397062E+01
        0.396461E+01
        0.395874E+01
        0.395300E+01
        0.394739E+01
        0.394191E+01
        0.393657E+01
        0.393136E+01
        0.392628E+01
        0.392134E+01
        0.391653E+01
        0.391186E+01
        0.390732E+01
        0.390291E+01
        0.389864E+01
        0.389450E+01
        0.389050E+01
        0.388663E+01
        0.388290E+01
        0.387931E+01
        0.387585E+01
        0.387252E+01
        0.386934E+01
        0.386629E+01
        0.386337E+01
        0.386060E+01
        0.385796E+01
        0.385546E+01
        0.385311E+01
        0.385089E+01
        0.384880E+01
        0.384686E+01
        0.384507E+01
        0.384341E+01
        0.384189E+01
        0.384052E+01
        0.383928E+01
        0.383820E+01
        0.383725E+01
        0.383645E+01
        0.383580E+01
        0.383529E+01
        0.383493E+01
        0.383471E+01
        0.383464E+01
        0.383472E+01
        0.383495E+01
        0.383533E+01
        0.383586E+01
        0.383655E+01
        0.383738E+01
        0.383837E+01
        0.383951E+01
        0.384080E+01
        0.384226E+01
        0.384386E+01
        0.384563E+01
        0.384755E+01
        0.384964E+01
        0.385188E+01
        0.385429E+01
        0.385686E+01
        0.385959E+01
        0.386248E+01
        0.386555E+01
        0.386878E+01
        0.387217E+01
        0.387574E+01
        0.387948E+01
        0.388339E+01
        0.388747E+01
        0.389173E+01
        0.389616E+01
        0.390077E+01
        0.390556E+01
        0.391053E+01
        0.391567E+01
        0.392101E+01
        0.392652E+01
        0.393223E+01
        0.393812E+01
        0.394420E+01
        0.395047E+01
        0.395693E+01
        0.396359E+01
        0.397044E+01
        0.397749E+01
        0.398474E+01
        0.399219E+01
        0.399984E+01
        0.400770E+01
        0.401577E+01
        0.402405E+01
        0.403253E+01
        0.404123E+01
        0.405015E+01
        0.405928E+01
        0.406864E+01
        0.407821E+01
        0.408801E+01
        0.409804E+01
        0.410829E+01
        0.411878E+01
        0.412950E+01
        0.414046E+01
        0.415165E+01
        0.416309E+01
        0.417477E+01
        0.418670E+01
        0.419888E+01
        0.421131E+01
        0.422400E+01
        0.423695E+01
        0.425016E+01
        0.426363E+01
        0.427737E+01
        0.429138E+01
        0.430567E+01
        0.432023E+01
        0.433507E+01
        0.435020E+01
        0.436561E+01
        0.438132E+01
        0.439732E+01
        0.441362E+01
        0.443023E+01
        0.444713E+01
        0.446435E+01
        0.448188E+01
        0.449973E+01
        0.451791E+01
        0.453641E+01
        0.455523E+01
        0.457440E+01
        0.459390E+01
        0.461375E+01
        0.463395E+01
        0.465449E+01
        0.467540E+01
        0.469667E+01
        0.471831E+01
        0.474032E+01
        0.476271E+01
        0.478548E+01
        0.480864E+01
        0.483219E+01
        0.485615E+01
        0.488050E+01
        0.490527E+01
        0.493046E+01
        0.495607E+01
        0.498210E+01
        0.500857E+01
        0.503549E+01
        0.506285E+01
        0.509066E+01
        0.511894E+01
        0.514768E+01
        0.517689E+01
        0.520659E+01
        0.523678E+01
        0.526746E+01
        0.529864E+01
        0.533034E+01
        0.536255E+01
        0.539529E+01
        0.542857E+01
        0.546238E+01
        0.549675E+01
        0.553167E+01
        0.556717E+01
        0.560323E+01
        0.563989E+01
        0.567714E+01
        0.571499E+01
        0.575345E+01
        0.579254E+01
        0.583225E+01
        0.587261E+01
        0.591362E+01
        0.595529E+01
        0.599764E+01
        0.604067E+01
        0.608439E+01
        0.612881E+01
        0.617396E+01
        0.621983E+01
        0.626643E+01
        0.631379E+01
        0.636191E+01
        0.641081E+01
        0.646049E+01
        0.651098E+01
        0.656227E+01
        0.661439E+01
        0.666736E+01
        0.672117E+01
        0.677585E+01
        0.683141E+01
        0.688786E+01
        0.694523E+01
        0.700352E+01
        0.706274E+01
        0.712292E+01
        0.718407E+01
        0.724621E+01
        0.730935E+01
        0.737350E+01
        0.743869E+01
        0.750493E+01
        0.757223E+01
        0.764063E+01
        0.771012E+01
        0.778074E+01
        0.785249E+01
        0.792541E+01
        0.799949E+01
        0.807478E+01
        0.815128E+01
        0.822901E+01
        0.830800E+01
        0.838826E+01
        0.846982E+01
        0.855269E+01
        0.863690E+01
        0.872247E+01
        0.880941E+01
        0.889777E+01
        0.898754E+01
        0.907876E+01
        0.917146E+01
        0.926564E+01
        0.936135E+01
        0.945859E+01
        0.955740E+01
        0.965780E+01
        0.975981E+01
        0.986347E+01
        0.996879E+01
        0.100758E+02
        0.101845E+02
        0.102950E+02
        0.104072E+02
        0.105213E+02
        0.106371E+02
        0.107548E+02
        0.108744E+02
        0.109959E+02
        0.111193E+02
        0.112447E+02
        0.113721E+02
        0.115015E+02
        0.116330E+02
        0.117665E+02
        0.119022E+02
        0.120399E+02
        0.121799E+02
        0.123220E+02
        0.124664E+02
        0.126130E+02
        0.127619E+02
        0.129132E+02
        0.130668E+02
        0.132227E+02
        0.133811E+02
        0.135419E+02
        0.137052E+02
        0.138710E+02
        0.140393E+02
        0.142102E+02
        0.143836E+02
        0.145597E+02
        0.147385E+02
        0.149199E+02
        0.151041E+02
        0.152909E+02
        0.154806E+02
        0.156730E+02
        0.158683E+02
        0.160664E+02
        0.162675E+02
        0.164714E+02
        0.166782E+02
        0.168880E+02
        0.171009E+02
        0.173167E+02
        0.175355E+02
        0.177574E+02
        0.179824E+02
        0.182105E+02
        0.184417E+02
        0.186760E+02
        0.189135E+02
        0.191542E+02
        0.193981E+02
        0.196452E+02
        0.198955E+02
        0.201490E+02
        0.204058E+02
        0.206658E+02
        0.209291E+02
        0.211957E+02
        0.214655E+02
        0.217386E+02
        0.220150E+02
        0.222947E+02
        0.225776E+02
        0.228638E+02
        0.231533E+02
        0.234460E+02
        0.237419E+02
        0.240411E+02
        0.243435E+02
        0.246491E+02
        0.249579E+02
        0.252699E+02
        0.255849E+02
        0.259031E+02
        0.262243E+02
        0.265486E+02
        0.268758E+02
        0.272061E+02
        0.275392E+02
        0.278752E+02
        0.282141E+02
        0.285557E+02
        0.289001E+02
        0.292471E+02
        0.295967E+02
        0.299488E+02
        0.303035E+02
        0.306605E+02
        0.310199E+02
        0.313815E+02
        0.317453E+02
        0.321112E+02
        0.324791E+02
        0.328489E+02
        0.332205E+02
        0.335939E+02
        0.339689E+02
        0.343455E+02
        0.347234E+02
        0.351027E+02
        0.354832E+02
        0.358648E+02
        0.362474E+02
        0.366308E+02
        0.370150E+02
        0.373998E+02
        0.377850E+02
        0.381707E+02
        0.385565E+02
        0.389425E+02
        0.393284E+02
        0.397141E+02
        0.400995E+02
        0.404845E+02
        0.408689E+02
        0.412525E+02
        0.416352E+02
        0.420169E+02
        0.423974E+02
        0.427766E+02
        0.431543E+02
        0.435303E+02
        0.439046E+02
        0.442770E+02
        0.446473E+02
        0.450154E+02
        0.453811E+02
        0.457442E+02
        0.461047E+02
        0.464624E+02
        0.468172E+02
        0.471688E+02
        0.475172E+02
        0.478622E+02
        0.482037E+02
        0.485415E+02
        0.488755E+02
        0.492056E+02
        0.495316E+02
        0.498535E+02
        0.501710E+02
        0.504841E+02
        0.507926E+02
        0.510965E+02
        0.513956E+02
        0.516898E+02
        0.519790E+02
        0.522631E+02
        0.525420E+02
        0.528156E+02
        0.530838E+02
        0.533466E+02
        0.536038E+02
        0.538554E+02
        0.541012E+02
        0.543413E+02
        0.545755E+02
        0.548038E+02
        0.550261E+02
        0.552424E+02
        0.554527E+02
        0.556568E+02
        0.558547E+02
        0.560465E+02
        0.562320E+02
        0.564113E+02
        0.565842E+02
        0.567509E+02
        0.569112E+02
        0.570652E+02
        0.572128E+02
        0.573541E+02
        0.574891E+02
        0.576176E+02
        0.577399E+02
        0.578558E+02
        0.579653E+02
        0.580686E+02
        0.581656E+02
        0.582563E+02
        0.583408E+02
        0.584191E+02
        0.584912E+02
        0.585572E+02
        0.586171E+02
        0.586709E+02
        0.587187E+02
        0.587605E+02
        0.587965E+02
        0.588265E+02
        0.588508E+02
        0.588693E+02
        0.588820E+02
        0.588892E+02
        0.588908E+02
        0.588868E+02
        0.588774E+02
        0.588627E+02
        0.588426E+02
        0.588172E+02
        0.587867E+02
        0.587511E+02
        0.587105E+02
        0.586648E+02
        0.586143E+02
        0.585590E+02
        0.584990E+02
        0.584343E+02
        0.583650E+02
        0.582912E+02
        0.582130E+02
        0.581304E+02
        0.580436E+02
        0.579526E+02
        0.578575E+02
        0.577583E+02
        0.576552E+02
        0.575482E+02
        0.574374E+02
        0.573229E+02
        0.572048E+02
        0.570831E+02
        0.569579E+02
        0.568293E+02
        0.566974E+02
        0.565622E+02
        0.564238E+02
        0.562824E+02
        0.561379E+02
        0.559905E+02
        0.558402E+02
        0.556871E+02
        0.555313E+02
        0.553728E+02
        0.552118E+02
        0.550482E+02
        0.548822E+02
        0.547138E+02
        0.545431E+02
        0.543701E+02
        0.541950E+02
        0.540178E+02
        0.538385E+02
        0.536573E+02
        0.534741E+02
        0.532891E+02
        0.531023E+02
        0.529138E+02
        0.527236E+02
        0.525318E+02
        0.523384E+02
        0.521436E+02
        0.519473E+02
        0.517496E+02
        0.515506E+02
        0.513503E+02
        0.511488E+02
        0.509462E+02
        0.507424E+02
        0.505375E+02
        0.503317E+02
        0.501248E+02
        0.499170E+02
        0.497084E+02
        0.494989E+02
        0.492886E+02
        0.490776E+02
        0.488659E+02
        0.486535E+02
        0.484405E+02
        0.482270E+02
        0.480129E+02
        0.477983E+02
        0.475832E+02
        0.473678E+02
        0.471519E+02
        0.469357E+02
        0.467192E+02
        0.465024E+02
        0.462853E+02
        0.460680E+02
        0.458506E+02
        0.456330E+02
        0.454153E+02
        0.451975E+02
        0.449796E+02
        0.447617E+02
        0.445438E+02
        0.443260E+02
        0.441081E+02
        0.438904E+02
        0.436727E+02
        0.434552E+02
        0.432379E+02
        0.430207E+02
        0.428037E+02
        0.425869E+02
        0.423704E+02
        0.421541E+02
        0.419382E+02
        0.417225E+02
        0.415071E+02
        0.412921E+02
        0.410775E+02
        0.408632E+02
        0.406494E+02
        0.404359E+02
        0.402229E+02
        0.400103E+02
        0.397982E+02
        0.395866E+02
        0.393755E+02
        0.391648E+02
        0.389547E+02
        0.387452E+02
        0.385362E+02
        0.383277E+02
        0.381199E+02
        0.379126E+02
        0.377059E+02
        0.374998E+02
        0.372944E+02
        0.370895E+02
        0.368854E+02
        0.366818E+02
        0.364790E+02
        0.362768E+02
        0.360752E+02
        0.358744E+02
        0.356743E+02
        0.354749E+02
        0.352762E+02
        0.350782E+02
        0.348809E+02
        0.346844E+02
        0.344886E+02
        0.342935E+02
        0.340993E+02
        0.339057E+02
        0.337130E+02
        0.335210E+02
        0.333298E+02
        0.331393E+02
        0.329497E+02
        0.327608E+02
        0.325727E+02
        0.323855E+02
        0.321990E+02
        0.320133E+02
        0.318285E+02
        0.316444E+02
        0.314612E+02
        0.312788E+02
        0.310972E+02
        0.309165E+02
        0.307365E+02
        0.305574E+02
        0.303791E+02
        0.302017E+02
        0.300251E+02
        0.298493E+02
        0.296743E+02
        0.295002E+02
        0.293270E+02
        0.291545E+02
        0.289829E+02
        0.288122E+02
        0.286423E+02
        0.284732E+02
        0.283050E+02
        0.281376E+02
        0.279711E+02
        0.278054E+02
        0.276406E+02
        0.274766E+02
        0.273134E+02
        0.271511E+02
        0.269896E+02
        0.268290E+02
        0.266692E+02
        0.265103E+02
        0.263521E+02
        0.261949E+02
        0.260384E+02
        0.258828E+02
        0.257281E+02
        0.255741E+02
        0.254210E+02
        0.252688E+02
        0.251173E+02
        0.249667E+02
        0.248169E+02
        0.246680E+02
        0.245198E+02
        0.243725E+02
        0.242260E+02
        0.240803E+02
        0.239355E+02
        0.237914E+02
        0.236482E+02
        0.235058E+02
        0.233641E+02
        0.232233E+02
        0.230833E+02
        0.229441E+02
        0.228057E+02
        0.226680E+02
        0.225312E+02
        0.223952E+02
        0.222599E+02
        0.221255E+02
        0.219918E+02
        0.218589E+02
        0.217267E+02
        0.215954E+02
        0.214648E+02
        0.213350E+02
        0.212060E+02
        0.210777E+02
        0.209502E+02
        0.208234E+02
        0.206974E+02
        0.205722E+02
        0.204477E+02
        0.203239E+02
        0.202009E+02
        0.200786E+02
        0.199571E+02
        0.198363E+02
        0.197162E+02
        0.195969E+02
        0.194783E+02
        0.193604E+02
        0.192432E+02
        0.191268E+02
        0.190110E+02
        0.188960E+02
        0.187817E+02
        0.186681E+02
        0.185551E+02
        0.184429E+02
        0.183314E+02
        0.182205E+02
        0.181104E+02
        0.180009E+02
        0.178922E+02
        0.177841E+02
        0.176766E+02
        0.175699E+02
        0.174638E+02
        0.173584E+02
        0.172536E+02
        0.171495E+02
        0.170461E+02
        0.169433E+02
        0.168411E+02
        0.167396E+02
        0.166388E+02
        0.165386E+02
        0.164390E+02
        0.163400E+02
        0.162417E+02
        0.161440E+02
        0.160470E+02
        0.159505E+02
        0.158547E+02
        0.157595E+02
        0.156649E+02
        0.155709E+02
        0.154775E+02
        0.153847E+02
        0.152925E+02
        0.152009E+02
        0.151099E+02
        0.150195E+02
        0.149297E+02
        0.148405E+02
        0.147518E+02
        0.146637E+02
        0.145762E+02
        0.144892E+02
        0.144029E+02
        0.143170E+02
        0.142318E+02
        0.141471E+02
        0.140629E+02
        0.139793E+02
        0.138963E+02
        0.138138E+02
        0.137318E+02
        0.136504E+02
        0.135695E+02
        0.134892E+02
        0.134093E+02
        0.133301E+02
        0.132513E+02
        0.131730E+02
        0.130953E+02
        0.130181E+02
        0.129414E+02
        0.128652E+02
        0.127895E+02
        0.127143E+02
        0.126396E+02
        0.125654E+02
        0.124917E+02
        0.124185E+02
        0.123458E+02
        0.122736E+02
        0.122018E+02
        0.121306E+02
        0.120598E+02
        0.119895E+02
        0.119196E+02
        0.118503E+02
        0.117814E+02
        0.117129E+02
        0.116449E+02
        0.115774E+02
        0.115104E+02
        0.114437E+02
        0.113776E+02
        0.113119E+02
        0.112466E+02
        0.111818E+02
        0.111174E+02
        0.110534E+02
        0.109899E+02
        0.109268E+02
        0.108641E+02
        0.108019E+02
        0.107401E+02
        0.106787E+02
        0.106177E+02
        0.105572E+02
        0.104971E+02
        0.104373E+02
        0.103780E+02
        0.103191E+02
        0.102606E+02
        0.102025E+02
        0.101448E+02
        0.100874E+02
        0.100305E+02
        0.997399E+01
        0.991786E+01
        0.986210E+01
        0.980673E+01
        0.975175E+01
        0.969714E+01
        0.964291E+01
        0.958906E+01
        0.953557E+01
        0.948246E+01
        0.942972E+01
        0.937734E+01
        0.932533E+01
        0.927368E+01
        0.922238E+01
        0.917145E+01
        0.912087E+01
        0.907064E+01
        0.902076E+01
        0.897123E+01
        0.892204E+01
        0.887320E+01
        0.882471E+01
        0.877655E+01
        0.872873E+01
        0.868124E+01
        0.863409E+01
        0.858727E+01
        0.854078E+01
        0.849461E+01
        0.844878E+01
        0.840326E+01
        0.835807E+01
        0.831319E+01
        0.826864E+01
        0.822439E+01
        0.818047E+01
        0.813685E+01
        0.809354E+01
        0.805054E+01
        0.800785E+01
        0.796546E+01
        0.792337E+01
        0.788158E+01
        0.784009E+01
        0.779890E+01
        0.775800E+01
        0.771739E+01
        0.767708E+01
        0.763705E+01
        0.759731E+01
        0.755786E+01
        0.751869E+01
        0.747980E+01
        0.744119E+01
        0.740286E+01
        0.736481E+01
        0.732704E+01
        0.728953E+01
        0.725230E+01
        0.721534E+01
        0.717865E+01
        0.714222E+01
        0.710606E+01
        0.707017E+01
        0.703453E+01
        0.699916E+01
        0.696404E+01
        0.692918E+01
        0.689458E+01
        0.686023E+01
        0.682614E+01
        0.679229E+01
        0.675869E+01
        0.672535E+01
        0.669224E+01
        0.665939E+01
        0.662678E+01
        0.659440E+01
        0.656227E+01
        0.653038E+01
        0.649873E+01
        0.646731E+01
        0.643613E+01
        0.640518E+01
        0.637446E+01
        0.634398E+01
        0.631372E+01
        0.628369E+01
        0.625389E+01
        0.622431E+01
        0.619495E+01
        0.616582E+01
        0.613691E+01
        0.610822E+01
        0.607975E+01
        0.605150E+01
        0.602346E+01
        0.599563E+01
        0.596802E+01
        0.594063E+01
        0.591344E+01
        0.588646E+01
        0.585969E+01
        0.583313E+01
        0.580678E+01
        0.578063E+01
        0.575468E+01
        0.572894E+01
        0.570340E+01
        0.567805E+01
        0.565291E+01
        0.562797E+01
        0.560322E+01
        0.557867E+01
        0.555431E+01
        0.553015E+01
        0.550618E+01
        0.548240E+01
        0.545881E+01
        0.543541E+01
        0.541220E+01
        0.538918E+01
        0.536634E+01
        0.534369E+01
        0.532122E+01
        0.529894E+01
        0.527684E+01
        0.525491E+01
        0.523317E+01
        0.521161E+01
        0.519023E+01
        0.516903E+01
        0.514800E+01
        0.512714E+01
        0.510647E+01
        0.508596E+01
        0.506563E+01
        0.504547E+01
        0.502548E+01
        0.500566E+01
        0.498601E+01
        0.496653E+01
        0.494722E+01
        0.492808E+01
        0.490910E+01
        0.489028E+01
        0.487163E+01
        0.485314E+01
        0.483482E+01
        0.481666E+01
        0.479866E+01
        0.478082E+01
        0.476314E+01
        0.474561E+01
        0.472825E+01
        0.471104E+01
        0.469399E+01
        0.467710E+01
        0.466036E+01
        0.464378E+01
        0.462735E+01
        0.461107E+01
        0.459495E+01
        0.457898E+01
        0.456316E+01
        0.454749E+01
        0.453197E+01
        0.451660E+01
        0.450138E+01
        0.448630E+01
        0.447138E+01
        0.445660E+01
        0.444196E+01
        0.442748E+01
        0.441314E+01
        0.439894E+01
        0.438488E+01
        0.437097E+01
        0.435721E+01
        0.434358E+01
        0.433010E+01
        0.431676E+01
        0.430356E+01
        0.429050E+01
        0.427758E+01
        0.426480E+01
        0.425216E+01
        0.423966E+01
        0.422729E+01
        0.421506E+01
        0.420297E+01
        0.419102E+01
        0.417920E+01
        0.416752E+01
        0.415598E+01
        0.414457E+01
        0.413329E+01
        0.412215E+01
        0.411115E+01
        0.410028E+01
        0.408954E+01
        0.407893E+01
        0.406846E+01
        0.405812E+01
        0.404791E+01
        0.403783E+01
        0.402789E+01
        0.401807E+01
        0.400839E+01
        0.399884E+01
        0.398942E+01
        0.398012E+01
        0.397096E+01
        0.396193E+01
        0.395303E+01
        0.394426E+01
        0.393561E+01
        0.392710E+01
        0.391871E+01
        0.391046E+01
        0.390233E+01
        0.389433E+01
        0.388646E+01
        0.387872E+01
        0.387110E+01
        0.386361E+01
        0.385626E+01
        0.384902E+01
        0.384192E+01
        0.383495E+01
        0.382810E+01
        0.382138E+01
        0.381478E+01
        0.380832E+01
        0.380198E+01
        0.379577E+01
        0.378969E+01
        0.378373E+01
        0.377790E+01
        0.377220E+01
        0.376663E+01
        0.376119E+01
        0.375587E+01
        0.375068E+01
        0.374562E+01
        0.374069E+01
        0.373589E+01
        0.373121E+01
        0.372667E+01
        0.372225E+01
        0.371796E+01
        0.371380E+01
        0.370977E+01
        0.370587E+01
        0.370210E+01
        0.369846E+01
        0.369495E+01
        0.369157E+01
        0.368833E+01
        0.368521E+01
        0.368223E+01
        0.367937E+01
        0.367665E+01
        0.367407E+01
        0.367161E+01
        0.366929E+01
        0.366711E+01
        0.366505E+01
        0.366313E+01
        0.366135E+01
        0.365971E+01
        0.365819E+01
        0.365682E+01
        0.365558E+01
        0.365448E+01
        0.365352E+01
        0.365270E+01
        0.365202E+01
        0.365148E+01
        0.365108E+01
        0.365082E+01
        0.365070E+01
        0.365072E+01
        0.365089E+01
        0.365120E+01
        0.365166E+01
        0.365226E+01
        0.365301E+01
        0.365390E+01
        0.365495E+01
        0.365614E+01
        0.365748E+01
        0.365897E+01
        0.366062E+01
        0.366241E+01
        0.366436E+01
        0.366647E+01
        0.366873E+01
        0.367114E+01
        0.367372E+01
        0.367645E+01
        0.367934E+01
        0.368239E+01
        0.368560E+01
        0.368898E+01
        0.369252E+01
        0.369622E+01
        0.370010E+01
        0.370414E+01
        0.370834E+01
        0.371272E+01
        0.371727E+01
        0.372200E+01
        0.372690E+01
        0.373197E+01
        0.373722E+01
        0.374265E+01
        0.374827E+01
        0.375406E+01
        0.376004E+01
        0.376620E+01
        0.377255E+01
        0.377909E+01
        0.378582E+01
        0.379274E+01
        0.379985E+01
        0.380716E+01
        0.381467E+01
        0.382238E+01
        0.383029E+01
        0.383840E+01
        0.384672E+01
        0.385525E+01
        0.386398E+01
        0.387293E+01
        0.388209E+01
        0.389147E+01
        0.390107E+01
        0.391089E+01
        0.392093E+01
        0.393119E+01
        0.394169E+01
        0.395242E+01
        0.396337E+01
        0.397457E+01
        0.398600E+01
        0.399768E+01
        0.400960E+01
        0.402177E+01
        0.403418E+01
        0.404685E+01
        0.405977E+01
        0.407296E+01
        0.408640E+01
        0.410011E+01
        0.411409E+01
        0.412834E+01
        0.414287E+01
        0.415767E+01
        0.417276E+01
        0.418813E+01
        0.420379E+01
        0.421974E+01
        0.423599E+01
        0.425254E+01
        0.426939E+01
        0.428655E+01
        0.430402E+01
        0.432181E+01
        0.433992E+01
        0.435836E+01
        0.437712E+01
        0.439622E+01
        0.441565E+01
        0.443543E+01
        0.445555E+01
        0.447603E+01
        0.449686E+01
        0.451806E+01
        0.453962E+01
        0.456156E+01
        0.458387E+01
        0.460657E+01
        0.462965E+01
        0.465313E+01
        0.467701E+01
        0.470129E+01
        0.472599E+01
        0.475110E+01
        0.477663E+01
        0.480259E+01
        0.482899E+01
        0.485584E+01
        0.488313E+01
        0.491087E+01
        0.493908E+01
        0.496776E+01
        0.499691E+01
        0.502655E+01
        0.505668E+01
        0.508731E+01
        0.511844E+01
        0.515009E+01
        0.518226E+01
        0.521496E+01
        0.524820E+01
        0.528198E+01
        0.531632E+01
        0.535122E+01
        0.538670E+01
        0.542275E+01
        0.545940E+01
        0.549665E+01
        0.553450E+01
        0.557298E+01
        0.561208E+01
        0.565183E+01
        0.569222E+01
        0.573327E+01
        0.577500E+01
        0.581740E+01
        0.586050E+01
        0.590430E+01
        0.594881E+01
        0.599405E+01
        0.604003E+01
        0.608677E+01
        0.613426E+01
        0.618253E+01
        0.623158E+01
        0.628144E+01
        0.633211E+01
        0.638361E+01
        0.643595E+01
        0.648915E+01
        0.654321E+01
        0.659816E+01
        0.665400E+01
        0.671076E+01
        0.676845E+01
        0.682708E+01
        0.688667E+01
        0.694724E+01
        0.700880E+01
        0.707136E+01
        0.713495E+01
        0.719959E+01
        0.726528E+01
        0.733205E+01
        0.739991E+01
        0.746889E+01
        0.753900E+01
        0.761026E+01
        0.768269E+01
        0.775631E+01
        0.783114E+01
        0.790720E+01
        0.798451E+01
        0.806309E+01
        0.814297E+01
        0.822415E+01
        0.830667E+01
        0.839055E+01
        0.847581E+01
        0.856247E+01
        0.865056E+01
        0.874009E+01
        0.883110E+01
        0.892360E+01
        0.901763E+01
        0.911320E+01
        0.921034E+01
        0.930908E+01
        0.940945E+01
        0.951146E+01
        0.961515E+01
        0.972053E+01
        0.982765E+01
        0.993653E+01
        0.100472E+02
        0.101597E+02
        0.102740E+02
        0.103902E+02
        0.105082E+02
        0.106283E+02
        0.107502E+02
        0.108742E+02
        0.110002E+02
        0.111282E+02
        0.112583E+02
        0.113905E+02
        0.115249E+02
        0.116614E+02
        0.118002E+02
        0.119411E+02
        0.120844E+02
        0.122299E+02
        0.123778E+02
        0.125281E+02
        0.126807E+02
        0.128358E+02
        0.129934E+02
        0.131534E+02
        0.133160E+02
        0.134812E+02
        0.136489E+02
        0.138193E+02
        0.139924E+02
        0.141682E+02
        0.143466E+02
        0.145279E+02
        0.147119E+02
        0.148988E+02
        0.150886E+02
        0.152812E+02
        0.154768E+02
        0.156753E+02
        0.158768E+02
        0.160814E+02
        0.162890E+02
        0.164996E+02
        0.167134E+02
        0.169303E+02
        0.171504E+02
        0.173737E+02
        0.176002E+02
        0.178299E+02
        0.180629E+02
        0.182992E+02
        0.185388E+02
        0.187818E+02
        0.190281E+02
        0.192778E+02
        0.195309E+02
        0.197874E+02
        0.200473E+02
        0.203106E+02
        0.205775E+02
        0.208477E+02
        0.211215E+02
        0.213987E+02
        0.216795E+02
        0.219637E+02
        0.222514E+02
        0.225426E+02
        0.228373E+02
        0.231354E+02
        0.234371E+02
        0.237422E+02
        0.240508E+02
        0.243628E+02
        0.246782E+02
        0.249971E+02
        0.253193E+02
        0.256449E+02
        0.259739E+02
        0.263061E+02
        0.266416E+02
        0.269804E+02
        0.273223E+02
        0.276674E+02
        0.280156E+02
        0.283668E+02
        0.287211E+02
        0.290783E+02
        0.294384E+02
        0.298013E+02
        0.301669E+02
        0.305353E+02
        0.309063E+02
        0.312798E+02
        0.316557E+02
        0.320341E+02
        0.324147E+02
        0.327975E+02
        0.331825E+02
        0.335694E+02
        0.339582E+02
        0.343489E+02
        0.347412E+02
        0.351351E+02
        0.355304E+02
        0.359271E+02
        0.363250E+02
        0.367241E+02
        0.371240E+02
        0.375249E+02
        0.379264E+02
        0.383285E+02
        0.387310E+02
        0.391338E+02
        0.395368E+02
        0.399397E+02
        0.403425E+02
        0.407450E+02
        0.411470E+02
        0.415485E+02
        0.419491E+02
        0.423489E+02
        0.427475E+02
        0.431450E+02
        0.435410E+02
        0.439355E+02
        0.443282E+02
        0.447191E+02
        0.451079E+02
        0.454946E+02
        0.458788E+02
        0.462606E+02
        0.466396E+02
        0.470158E+02
        0.473890E+02
        0.477591E+02
        0.481258E+02
        0.484891E+02
        0.488487E+02
        0.492046E+02
        0.495566E+02
        0.499045E+02
        0.502481E+02
        0.505875E+02
        0.509224E+02
        0.512526E+02
        0.515781E+02
        0.518988E+02
        0.522144E+02
        0.525249E+02
        0.528302E+02
        0.531302E+02
        0.534247E+02
        0.537136E+02
        0.539969E+02
        0.542744E+02
        0.545460E+02
        0.548118E+02
        0.550715E+02
        0.553251E+02
        0.555726E+02
        0.558138E+02
        0.560487E+02
        0.562772E+02
        0.564994E+02
        0.567150E+02
        0.569242E+02
        0.571268E+02
        0.573228E+02
        0.575121E+02
        0.576948E+02
        0.578709E+02
        0.580402E+02
        0.582029E+02
        0.583588E+02
        0.585080E+02
        0.586504E+02
        0.587862E+02
        0.589152E+02
        0.590375E+02
        0.591531E+02
        0.592621E+02
        0.593644E+02
        0.594601E+02
        0.595492E+02
        0.596317E+02
        0.597077E+02
        0.597772E+02
        0.598402E+02
        0.598969E+02
        0.599472E+02
        0.599912E+02
        0.600290E+02
        0.600606E+02
        0.600860E+02
        0.601054E+02
        0.601188E+02
        0.601262E+02
        0.601277E+02
        0.601234E+02
        0.601134E+02
        0.600978E+02
        0.600765E+02
        0.600497E+02
        0.600175E+02
        0.599799E+02
        0.599370E+02
        0.598889E+02
        0.598357E+02
        0.597774E+02
        0.597142E+02
        0.596461E+02
        0.595732E+02
        0.594956E+02
        0.594134E+02
        0.593266E+02
        0.592354E+02
        0.591397E+02
        0.590398E+02
        0.589357E+02
        0.588275E+02
        0.587152E+02
        0.585990E+02
        0.584789E+02
        0.583550E+02
        0.582274E+02
        0.580962E+02
        0.579615E+02
        0.578233E+02
        0.576818E+02
        0.575369E+02
        0.573889E+02
        0.572377E+02
        0.570835E+02
        0.569263E+02
        0.567663E+02
        0.566034E+02
        0.564378E+02
        0.562695E+02
        0.560986E+02
        0.559253E+02
        0.557494E+02
        0.555713E+02
        0.553908E+02
        0.552081E+02
        0.550232E+02
        0.548363E+02
        0.546474E+02
        0.544565E+02
        0.542637E+02
        0.540691E+02
        0.538727E+02
        0.536747E+02
        0.534750E+02
        0.532737E+02
        0.530710E+02
        0.528668E+02
        0.526612E+02
        0.524542E+02
        0.522460E+02
        0.520366E+02
        0.518260E+02
        0.516142E+02
        0.514015E+02
        0.511877E+02
        0.509729E+02
        0.507572E+02
        0.505407E+02
        0.503233E+02
        0.501052E+02
        0.498863E+02
        0.496668E+02
        0.494466E+02
        0.492258E+02
        0.490045E+02
        0.487827E+02
        0.485604E+02
        0.483377E+02
        0.481145E+02
        0.478911E+02
        0.476673E+02
        0.474432E+02
        0.472189E+02
        0.469944E+02
        0.467696E+02
        0.465448E+02
        0.463198E+02
        0.460948E+02
        0.458697E+02
        0.456446E+02
        0.454195E+02
        0.451944E+02
        0.449694E+02
        0.447445E+02
        0.445197E+02
        0.442950E+02
        0.440706E+02
        0.438463E+02
        0.436222E+02
        0.433984E+02
        0.431749E+02
        0.429516E+02
        0.427286E+02
        0.425060E+02
        0.422838E+02
        0.420619E+02
        0.418404E+02
        0.416193E+02
        0.413986E+02
        0.411784E+02
        0.409586E+02
        0.407393E+02
        0.405205E+02
        0.403023E+02
        0.400845E+02
        0.398673E+02
        0.396507E+02
        0.394346E+02
        0.392191E+02
        0.390042E+02
        0.387899E+02
        0.385763E+02
        0.383632E+02
        0.381508E+02
        0.379391E+02
        0.377281E+02
        0.375177E+02
        0.373080E+02
        0.370990E+02
        0.368908E+02
        0.366832E+02
        0.364764E+02
        0.362703E+02
        0.360649E+02
        0.358603E+02
        0.356565E+02
        0.354534E+02
        0.352511E+02
        0.350496E+02
        0.348488E+02
        0.346489E+02
        0.344497E+02
        0.342514E+02
        0.340539E+02
        0.338571E+02
        0.336612E+02
        0.334661E+02
        0.332719E+02
        0.330785E+02
        0.328859E+02
        0.326942E+02
        0.325033E+02
        0.323132E+02
        0.321240E+02
        0.319357E+02
        0.317482E+02
        0.315615E+02
        0.313758E+02
        0.311908E+02
        0.310068E+02
        0.308236E+02
        0.306413E+02
        0.304599E+02
        0.302793E+02
        0.300996E+02
        0.299208E+02
        0.297429E+02
        0.295658E+02
        0.293896E+02
        0.292143E+02
        0.290399E+02
        0.288663E+02
        0.286937E+02
        0.285219E+02
        0.283510E+02
        0.281809E+02
        0.280118E+02
        0.278435E+02
        0.276761E+02
        0.275096E+02
        0.273439E+02
        0.271791E+02
        0.270152E+02
        0.268522E+02
        0.266901E+02
        0.265288E+02
        0.263684E+02
        0.262088E+02
        0.260502E+02
        0.258923E+02
        0.257354E+02
        0.255793E+02
        0.254241E+02
        0.252698E+02
        0.251162E+02
        0.249636E+02
        0.248118E+02
        0.246609E+02
        0.245108E+02
        0.243615E+02
        0.242132E+02
        0.240656E+02
        0.239189E+02
        0.237730E+02
        0.236280E+02
        0.234838E+02
        0.233404E+02
        0.231979E+02
        0.230562E+02
        0.229153E+02
        0.227752E+02
        0.226360E+02
        0.224975E+02
        0.223599E+02
        0.222231E+02
        0.220871E+02
        0.219519E+02
        0.218175E+02
        0.216839E+02
        0.215511E+02
        0.214191E+02
        0.212879E+02
        0.211574E+02
        0.210278E+02
        0.208989E+02
        0.207708E+02
        0.206435E+02
        0.205170E+02
        0.203912E+02
        0.202662E+02
        0.201419E+02
        0.200184E+02
        0.198957E+02
        0.197737E+02
        0.196525E+02
        0.195320E+02
        0.194123E+02
        0.192932E+02
        0.191750E+02
        0.190574E+02
        0.189406E+02
        0.188245E+02
        0.187092E+02
        0.185946E+02
        0.184806E+02
        0.183674E+02
        0.182549E+02
        0.181431E+02
        0.180320E+02
        0.179216E+02
        0.178119E+02
        0.177029E+02
        0.175946E+02
        0.174870E+02
        0.173800E+02
        0.172738E+02
        0.171682E+02
        0.170632E+02
        0.169590E+02
        0.168554E+02
        0.167525E+02
        0.166502E+02
        0.165486E+02
        0.164476E+02
        0.163473E+02
        0.162476E+02
        0.161486E+02
        0.160502E+02
        0.159525E+02
        0.158553E+02
        0.157588E+02
        0.156630E+02
        0.155677E+02
        0.154731E+02
        0.153791E+02
        0.152857E+02
        0.151929E+02
        0.151007E+02
        0.150091E+02
        0.149181E+02
        0.148277E+02
        0.147379E+02
        0.146487E+02
        0.145600E+02
        0.144720E+02
        0.143845E+02
        0.142976E+02
        0.142113E+02
        0.141255E+02
        0.140403E+02
        0.139557E+02
        0.138717E+02
        0.137881E+02
        0.137052E+02
        0.136228E+02
        0.135409E+02
        0.134596E+02
        0.133788E+02
        0.132986E+02
        0.132189E+02
        0.131397E+02
        0.130610E+02
        0.129829E+02
        0.129053E+02
        0.128282E+02
        0.127517E+02
        0.126756E+02
        0.126001E+02
        0.125250E+02
        0.124505E+02
        0.123765E+02
        0.123029E+02
        0.122299E+02
        0.121573E+02
        0.120853E+02
        0.120137E+02
        0.119426E+02
        0.118720E+02
        0.118019E+02
        0.117322E+02
        0.116630E+02
        0.115943E+02
        0.115261E+02
        0.114583E+02
        0.113909E+02
        0.113241E+02
        0.112577E+02
        0.111917E+02
        0.111262E+02
        0.110611E+02
        0.109965E+02
        0.109323E+02
        0.108686E+02
        0.108053E+02
        0.107424E+02
        0.106799E+02
        0.106179E+02
        0.105563E+02
        0.104952E+02
        0.104344E+02
        0.103741E+02
        0.103142E+02
        0.102547E+02
        0.101956E+02
        0.101369E+02
        0.100786E+02
        0.100207E+02
        0.996323E+01
        0.990614E+01
        0.984945E+01
        0.979316E+01
        0.973725E+01
        0.968173E+01
        0.962660E+01
        0.957185E+01
        0.951748E+01
        0.946348E+01
        0.940987E+01
        0.935662E+01
        0.930375E+01
        0.925124E+01
        0.919910E+01
        0.914733E+01
        0.909592E+01
        0.904486E+01
        0.899417E+01
        0.894383E+01
        0.889384E+01
        0.884420E+01
        0.879491E+01
        0.874597E+01
        0.869737E+01
        0.864911E+01
        0.860119E+01
        0.855361E+01
        0.850636E+01
        0.845945E+01
        0.841287E+01
        0.836662E+01
        0.832070E+01
        0.827510E+01
        0.822982E+01
        0.818486E+01
        0.814023E+01
        0.809591E+01
        0.805190E+01
        0.800821E+01
        0.796483E+01
        0.792176E+01
        0.787899E+01
        0.783653E+01
        0.779437E+01
        0.775252E+01
        0.771096E+01
        0.766970E+01
        0.762874E+01
        0.758807E+01
        0.754770E+01
        0.750761E+01
        0.746781E+01
        0.742830E+01
        0.738907E+01
        0.735013E+01
        0.731146E+01
        0.727308E+01
        0.723497E+01
        0.719714E+01
        0.715959E+01
        0.712230E+01
        0.708529E+01
        0.704855E+01
        0.701207E+01
        0.697586E+01
        0.693991E+01
        0.690423E+01
        0.686881E+01
        0.683364E+01
        0.679874E+01
        0.676409E+01
        0.672969E+01
        0.669555E+01
        0.666165E+01
        0.662801E+01
        0.659462E+01
        0.656147E+01
        0.652857E+01
        0.649591E+01
        0.646349E+01
        0.643131E+01
        0.639938E+01
        0.636768E+01
        0.633621E+01
        0.630498E+01
        0.627399E+01
        0.624323E+01
        0.621269E+01
        0.618239E+01
        0.615231E+01
        0.612246E+01
        0.609284E+01
        0.606343E+01
        0.603426E+01
        0.600530E+01
        0.597656E+01
        0.594804E+01
        0.591973E+01
        0.589164E+01
        0.586377E+01
        0.583611E+01
        0.580866E+01
        0.578142E+01
        0.575439E+01
        0.572757E+01
        0.570095E+01
        0.567454E+01
        0.564834E+01
        0.562234E+01
        0.559653E+01
        0.557094E+01
        0.554554E+01
        0.552033E+01
        0.549533E+01
        0.547052E+01
        0.544591E+01
        0.542149E+01
        0.539726E+01
        0.537323E+01
        0.534938E+01
        0.532573E+01
        0.530226E+01
        0.527898E+01
        0.525589E+01
        0.523298E+01
        0.521026E+01
        0.518772E+01
        0.516536E+01
        0.514318E+01
        0.512118E+01
        0.509936E+01
        0.507772E+01
        0.505626E+01
        0.503497E+01
        0.501386E+01
        0.499292E+01
        0.497216E+01
        0.495156E+01
        0.493114E+01
        0.491089E+01
        0.489081E+01
        0.487090E+01
        0.485116E+01
        0.483158E+01
        0.481217E+01
        0.479292E+01
        0.477384E+01
        0.475492E+01
        0.473617E+01
        0.471757E+01
        0.469914E+01
        0.468087E+01
        0.466275E+01
        0.464480E+01
        0.462700E+01
        0.460936E+01
        0.459188E+01
        0.457455E+01
        0.455738E+01
        0.454036E+01
        0.452349E+01
        0.450678E+01
        0.449022E+01
        0.447381E+01
        0.445755E+01
        0.444144E+01
        0.442548E+01
        0.440966E+01
        0.439400E+01
        0.437848E+01
        0.436311E+01
        0.434788E+01
        0.433280E+01
        0.431787E+01
        0.430308E+01
        0.428843E+01
        0.427392E+01
        0.425956E+01
        0.424533E+01
        0.423125E+01
        0.421731E+01
        0.420351E+01
        0.418985E+01
        0.417632E+01
        0.416294E+01
        0.414969E+01
        0.413658E+01
        0.412360E+01
        0.411077E+01
        0.409806E+01
        0.408550E+01
        0.407306E+01
        0.406077E+01
        0.404860E+01
        0.403657E+01
        0.402467E+01
        0.401291E+01
        0.400127E+01
        0.398977E+01
        0.397840E+01
        0.396716E+01
        0.395605E+01
        0.394507E+01
        0.393422E+01
        0.392350E+01
        0.391291E+01
        0.390244E+01
        0.389211E+01
        0.388190E+01
        0.387182E+01
        0.386187E+01
        0.385205E+01
        0.384235E+01
        0.383278E+01
        0.382333E+01
        0.381401E+01
        0.380482E+01
        0.379575E+01
        0.378681E+01
        0.377799E+01
        0.376930E+01
        0.376073E+01
        0.375228E+01
        0.374396E+01
        0.373577E+01
        0.372769E+01
        0.371974E+01
        0.371192E+01
        0.370422E+01
        0.369664E+01
        0.368918E+01
        0.368185E+01
        0.367464E+01
        0.366755E+01
        0.366059E+01
        0.365375E+01
        0.364703E+01
        0.364043E+01
        0.363396E+01
        0.362760E+01
        0.362138E+01
        0.361527E+01
        0.360928E+01
        0.360342E+01
        0.359768E+01
        0.359207E+01
        0.358657E+01
        0.358120E+01
        0.357595E+01
        0.357083E+01
        0.356582E+01
        0.356094E+01
        0.355619E+01
        0.355155E+01
        0.354704E+01
        0.354266E+01
        0.353839E+01
        0.353425E+01
        0.353024E+01
        0.352635E+01
        0.352258E+01
        0.351894E+01
        0.351542E+01
        0.351203E+01
        0.350876E+01
        0.350562E+01
        0.350261E+01
        0.349972E+01
        0.349696E+01
        0.349432E+01
        0.349182E+01
        0.348944E+01
        0.348719E+01
        0.348506E+01
        0.348307E+01
        0.348120E+01
        0.347947E+01
        0.347786E+01
        0.347639E+01
        0.347505E+01
        0.347384E+01
        0.347276E+01
        0.347181E+01
        0.347100E+01
        0.347032E+01
        0.346977E+01
        0.346937E+01
        0.346909E+01
        0.346895E+01
        0.346895E+01
        0.346909E+01
        0.346937E+01
        0.346978E+01
        0.347033E+01
        0.347103E+01
        0.347186E+01
        0.347284E+01
        0.347396E+01
        0.347523E+01
        0.347664E+01
        0.347819E+01
        0.347989E+01
        0.348174E+01
        0.348374E+01
        0.348588E+01
        0.348818E+01
        0.349062E+01
        0.349322E+01
        0.349597E+01
        0.349888E+01
        0.350194E+01
        0.350516E+01
        0.350854E+01
        0.351207E+01
        0.351577E+01
        0.351962E+01
        0.352364E+01
        0.352783E+01
        0.353217E+01
        0.353669E+01
        0.354137E+01
        0.354622E+01
        0.355124E+01
        0.355644E+01
        0.356181E+01
        0.356735E+01
        0.357307E+01
        0.357897E+01
        0.358505E+01
        0.359131E+01
        0.359775E+01
        0.360438E+01
        0.361119E+01
        0.361820E+01
        0.362539E+01
        0.363278E+01
        0.364036E+01
        0.364813E+01
        0.365611E+01
        0.366428E+01
        0.367266E+01
        0.368124E+01
        0.369003E+01
        0.369903E+01
        0.370823E+01
        0.371765E+01
        0.372729E+01
        0.373714E+01
        0.374722E+01
        0.375751E+01
        0.376803E+01
        0.377878E+01
        0.378976E+01
        0.380098E+01
        0.381242E+01
        0.382411E+01
        0.383604E+01
        0.384821E+01
        0.386063E+01
        0.387330E+01
        0.388622E+01
        0.389940E+01
        0.391284E+01
        0.392654E+01
        0.394051E+01
        0.395475E+01
        0.396926E+01
        0.398404E+01
        0.399911E+01
        0.401446E+01
        0.403009E+01
        0.404602E+01
        0.406224E+01
        0.407876E+01
        0.409558E+01
        0.411271E+01
        0.413015E+01
        0.414790E+01
        0.416598E+01
        0.418437E+01
        0.420310E+01
        0.422215E+01
        0.424155E+01
        0.426129E+01
        0.428137E+01
        0.430180E+01
        0.432260E+01
        0.434375E+01
        0.436527E+01
        0.438716E+01
        0.440943E+01
        0.443209E+01
        0.445513E+01
        0.447856E+01
        0.450240E+01
        0.452664E+01
        0.455130E+01
        0.457637E+01
        0.460187E+01
        0.462780E+01
        0.465416E+01
        0.468098E+01
        0.470824E+01
        0.473596E+01
        0.476414E+01
        0.479280E+01
        0.482193E+01
        0.485156E+01
        0.488168E+01
        0.491229E+01
        0.494342E+01
        0.497507E+01
        0.500725E+01
        0.503995E+01
        0.507321E+01
        0.510701E+01
        0.514137E+01
        0.517631E+01
        0.521182E+01
        0.524792E+01
        0.528462E+01
        0.532192E+01
        0.535984E+01
        0.539839E+01
        0.543758E+01
        0.547742E+01
        0.551791E+01
        0.555907E+01
        0.560092E+01
        0.564345E+01
        0.568669E+01
        0.573064E+01
        0.577532E+01
        0.582074E+01
        0.586691E+01
        0.591384E+01
        0.596156E+01
        0.601006E+01
        0.605936E+01
        0.610948E+01
        0.616043E+01
        0.621222E+01
        0.626488E+01
        0.631840E+01
        0.637282E+01
        0.642813E+01
        0.648437E+01
        0.654154E+01
        0.659966E+01
        0.665875E+01
        0.671882E+01
        0.677988E+01
        0.684197E+01
        0.690509E+01
        0.696926E+01
        0.703450E+01
        0.710083E+01
        0.716827E+01
        0.723683E+01
        0.730654E+01
        0.737741E+01
        0.744947E+01
        0.752273E+01
        0.759722E+01
        0.767295E+01
        0.774995E+01
        0.782824E+01
        0.790785E+01
        0.798878E+01
        0.807108E+01
        0.815475E+01
        0.823983E+01
        0.832633E+01
        0.841429E+01
        0.850372E+01
        0.859466E+01
        0.868712E+01
        0.878113E+01
        0.887672E+01
        0.897392E+01
        0.907274E+01
        0.917323E+01
        0.927540E+01
        0.937929E+01
        0.948492E+01
        0.959232E+01
        0.970153E+01
        0.981256E+01
        0.992546E+01
        0.100402E+02
        0.101569E+02
        0.102756E+02
        0.103962E+02
        0.105189E+02
        0.106436E+02
        0.107704E+02
        0.108993E+02
        0.110303E+02
        0.111635E+02
        0.112990E+02
        0.114366E+02
        0.115766E+02
        0.117189E+02
        0.118635E+02
        0.120105E+02
        0.121599E+02
        0.123118E+02
        0.124662E+02
        0.126231E+02
        0.127825E+02
        0.129446E+02
        0.131093E+02
        0.132766E+02
        0.134467E+02
        0.136195E+02
        0.137951E+02
        0.139735E+02
        0.141548E+02
        0.143389E+02
        0.145260E+02
        0.147160E+02
        0.149090E+02
        0.151051E+02
        0.153042E+02
        0.155064E+02
        0.157118E+02
        0.159203E+02
        0.161320E+02
        0.163470E+02
        0.165652E+02
        0.167867E+02
        0.170116E+02
        0.172398E+02
        0.174715E+02
        0.177065E+02
        0.179450E+02
        0.181870E+02
        0.184325E+02
        0.186815E+02
        0.189340E+02
        0.191902E+02
        0.194499E+02
        0.197132E+02
        0.199802E+02
        0.202509E+02
        0.205252E+02
        0.208031E+02
        0.210848E+02
        0.213702E+02
        0.216593E+02
        0.219521E+02
        0.222487E+02
        0.225489E+02
        0.228529E+02
        0.231606E+02
        0.234721E+02
        0.237872E+02
        0.241061E+02
        0.244286E+02
        0.247548E+02
        0.250847E+02
        0.254181E+02
        0.257552E+02
        0.260959E+02
        0.264402E+02
        0.267879E+02
        0.271391E+02
        0.274938E+02
        0.278518E+02
        0.282132E+02
        0.285779E+02
        0.289459E+02
        0.293170E+02
        0.296912E+02
        0.300685E+02
        0.304488E+02
        0.308320E+02
        0.312180E+02
        0.316068E+02
        0.319982E+02
        0.323922E+02
        0.327887E+02
        0.331876E+02
        0.335888E+02
        0.339922E+02
        0.343976E+02
        0.348050E+02
        0.352142E+02
        0.356251E+02
        0.360377E+02
        0.364517E+02
        0.368670E+02
        0.372836E+02
        0.377012E+02
        0.381197E+02
        0.385390E+02
        0.389590E+02
        0.393794E+02
        0.398002E+02
        0.402211E+02
        0.406421E+02
        0.410629E+02
        0.414834E+02
        0.419034E+02
        0.423228E+02
        0.427413E+02
        0.431589E+02
        0.435753E+02
        0.439904E+02
        0.444040E+02
        0.448160E+02
        0.452261E+02
        0.456341E+02
        0.460400E+02
        0.464435E+02
        0.468444E+02
        0.472427E+02
        0.476380E+02
        0.480303E+02
        0.484193E+02
        0.488049E+02
        0.491870E+02
        0.495653E+02
        0.499398E+02
        0.503101E+02
        0.506763E+02
        0.510380E+02
        0.513953E+02
        0.517478E+02
        0.520956E+02
        0.524383E+02
        0.527760E+02
        0.531084E+02
        0.534355E+02
        0.537570E+02
        0.540730E+02
        0.543831E+02
        0.546875E+02
        0.549858E+02
        0.552781E+02
        0.555642E+02
        0.558441E+02
        0.561176E+02
        0.563846E+02
        0.566452E+02
        0.568991E+02
        0.571463E+02
        0.573869E+02
        0.576206E+02
        0.578475E+02
        0.580674E+02
        0.582805E+02
        0.584865E+02
        0.586855E+02
        0.588775E+02
        0.590624E+02
        0.592402E+02
        0.594109E+02
        0.595745E+02
        0.597310E+02
        0.598803E+02
        0.600225E+02
        0.601576E+02
        0.602856E+02
        0.604065E+02
        0.605204E+02
        0.606272E+02
        0.607270E+02
        0.608198E+02
        0.609057E+02
        0.609847E+02
        0.610569E+02
        0.611222E+02
        0.611808E+02
        0.612326E+02
        0.612779E+02
        0.613165E+02
        0.613486E+02
        0.613742E+02
        0.613935E+02
        0.614064E+02
        0.614130E+02
        0.614135E+02
        0.614078E+02
        0.613962E+02
        0.613785E+02
        0.613550E+02
        0.613257E+02
        0.612907E+02
        0.612501E+02
        0.612039E+02
        0.611523E+02
        0.610953E+02
        0.610330E+02
        0.609656E+02
        0.608930E+02
        0.608154E+02
        0.607329E+02
        0.606456E+02
        0.605536E+02
        0.604569E+02
        0.603556E+02
        0.602499E+02
        0.601398E+02
        0.600254E+02
        0.599069E+02
        0.597842E+02
        0.596575E+02
        0.595269E+02
        0.593925E+02
        0.592544E+02
        0.591125E+02
        0.589672E+02
        0.588183E+02
        0.586661E+02
        0.585105E+02
        0.583518E+02
        0.581899E+02
        0.580249E+02
        0.578570E+02
        0.576862E+02
        0.575126E+02
        0.573363E+02
        0.571573E+02
        0.569758E+02
        0.567918E+02
        0.566053E+02
        0.564166E+02
        0.562256E+02
        0.560323E+02
        0.558370E+02
        0.556396E+02
        0.554403E+02
        0.552391E+02
        0.550360E+02
        0.548311E+02
        0.546246E+02
        0.544164E+02
        0.542066E+02
        0.539953E+02
        0.537826E+02
        0.535685E+02
        0.533530E+02
        0.531363E+02
        0.529184E+02
        0.526993E+02
        0.524791E+02
        0.522579E+02
        0.520356E+02
        0.518124E+02
        0.515884E+02
        0.513635E+02
        0.511378E+02
        0.509113E+02
        0.506842E+02
        0.504564E+02
        0.502280E+02
        0.499991E+02
        0.497696E+02
        0.495397E+02
        0.493093E+02
        0.490785E+02
        0.488474E+02
        0.486160E+02
        0.483843E+02
        0.481523E+02
        0.479202E+02
        0.476878E+02
        0.474554E+02
        0.472228E+02
        0.469902E+02
        0.467576E+02
        0.465249E+02
        0.462923E+02
        0.460597E+02
        0.458272E+02
        0.455949E+02
        0.453627E+02
        0.451306E+02
        0.448987E+02
        0.446671E+02
        0.444357E+02
        0.442046E+02
        0.439738E+02
        0.437433E+02
        0.435131E+02
        0.432833E+02
        0.430539E+02
        0.428249E+02
        0.425963E+02
        0.423682E+02
        0.421405E+02
        0.419133E+02
        0.416866E+02
        0.414604E+02
        0.412348E+02
        0.410097E+02
        0.407851E+02
        0.405612E+02
        0.403378E+02
        0.401151E+02
        0.398929E+02
        0.396714E+02
        0.394506E+02
        0.392304E+02
        0.390109E+02
        0.387921E+02
        0.385740E+02
        0.383566E+02
        0.381399E+02
        0.379239E+02
        0.377087E+02
        0.374942E+02
        0.372805E+02
        0.370676E+02
        0.368554E+02
        0.366441E+02
        0.364335E+02
        0.362237E+02
        0.360147E+02
        0.358065E+02
        0.355992E+02
        0.353927E+02
        0.351870E+02
        0.349822E+02
        0.347782E+02
        0.345750E+02
        0.343727E+02
        0.341713E+02
        0.339707E+02
        0.337710E+02
        0.335722E+02
        0.333743E+02
        0.331772E+02
        0.329810E+02
        0.327857E+02
        0.325913E+02
        0.323978E+02
        0.322052E+02
        0.320135E+02
        0.318227E+02
        0.316328E+02
        0.314438E+02
        0.312557E+02
        0.310685E+02
        0.308823E+02
        0.306969E+02
        0.305124E+02
        0.303289E+02
        0.301463E+02
        0.299646E+02
        0.297838E+02
        0.296039E+02
        0.294249E+02
        0.292469E+02
        0.290698E+02
        0.288936E+02
        0.287183E+02
        0.285439E+02
        0.283704E+02
        0.281979E+02
        0.280262E+02
        0.278555E+02
        0.276857E+02
        0.275168E+02
        0.273488E+02
        0.271817E+02
        0.270155E+02
        0.268503E+02
        0.266859E+02
        0.265224E+02
        0.263599E+02
        0.261982E+02
        0.260374E+02
        0.258776E+02
        0.257186E+02
        0.255605E+02
        0.254033E+02
        0.252470E+02
        0.250916E+02
        0.249371E+02
        0.247834E+02
        0.246307E+02
        0.244788E+02
        0.243277E+02
        0.241776E+02
        0.240283E+02
        0.238799E+02
        0.237324E+02
        0.235857E+02
        0.234398E+02
        0.232949E+02
        0.231508E+02
        0.230075E+02
        0.228651E+02
        0.227235E+02
        0.225828E+02
        0.224429E+02
        0.223038E+02
        0.221656E+02
        0.220282E+02
        0.218916E+02
        0.217558E+02
        0.216209E+02
        0.214868E+02
        0.213535E+02
        0.212210E+02
        0.210893E+02
        0.209584E+02
        0.208283E+02
        0.206991E+02
        0.205706E+02
        0.204429E+02
        0.203159E+02
        0.201898E+02
        0.200644E+02
        0.199399E+02
        0.198161E+02
        0.196930E+02
        0.195708E+02
        0.194493E+02
        0.193285E+02
        0.192085E+02
        0.190893E+02
        0.189708E+02
        0.188530E+02
        0.187360E+02
        0.186198E+02
        0.185042E+02
        0.183894E+02
        0.182753E+02
        0.181620E+02
        0.180493E+02
        0.179374E+02
        0.178262E+02
        0.177157E+02
        0.176059E+02
        0.174969E+02
        0.173885E+02
        0.172808E+02
        0.171738E+02
        0.170675E+02
        0.169618E+02
        0.168569E+02
        0.167526E+02
