        0.100000E+03
        0.100000E+03
        0.999928E+02
        0.999783E+02
        0.999565E+02
        0.999272E+02
        0.998903E+02
        0.998459E+02
        0.997937E+02
        0.997338E+02
        0.996661E+02
        0.995904E+02
        0.995068E+02
        0.994152E+02
        0.993154E+02
        0.992075E+02
        0.990913E+02
        0.989669E+02
        0.988341E+02
        0.986930E+02
        0.985434E+02
        0.983854E+02
        0.982189E+02
        0.980438E+02
        0.978601E+02
        0.976679E+02
        0.974670E+02
        0.972575E+02
        0.970393E+02
        0.968124E+02
        0.965769E+02
        0.963327E+02
        0.960798E+02
        0.958183E+02
        0.955480E+02
        0.952692E+02
        0.949817E+02
        0.946856E+02
        0.943809E+02
        0.940677E+02
        0.937460E+02
        0.934159E+02
        0.930774E+02
        0.927305E+02
        0.923753E+02
        0.920119E+02
        0.916404E+02
        0.912608E+02
        0.908732E+02
        0.904777E+02
        0.900744E+02
        0.896634E+02
        0.892448E+02
        0.888187E+02
        0.883852E+02
        0.879444E+02
        0.874965E+02
        0.870415E+02
        0.865797E+02
        0.861111E+02
        0.856358E+02
        0.851541E+02
        0.846661E+02
        0.841719E+02
        0.836717E+02
        0.831656E+02
        0.826538E+02
        0.821366E+02
        0.816139E+02
        0.810861E+02
        0.805533E+02
        0.800156E+02
        0.794734E+02
        0.789266E+02
        0.783757E+02
        0.778206E+02
        0.772616E+02
        0.766990E+02
        0.761329E+02
        0.755634E+02
        0.749909E+02
        0.744155E+02
        0.738373E+02
        0.732567E+02
        0.726737E+02
        0.720887E+02
        0.715017E+02
        0.709130E+02
        0.703228E+02
        0.697313E+02
        0.691387E+02
        0.685451E+02
        0.679508E+02
        0.673560E+02
        0.667609E+02
        0.661655E+02
        0.655702E+02
        0.649751E+02
        0.643804E+02
        0.637863E+02
        0.631929E+02
        0.626004E+02
        0.620091E+02
        0.614190E+02
        0.608303E+02
        0.602431E+02
        0.596578E+02
        0.590743E+02
        0.584928E+02
        0.579136E+02
        0.573366E+02
        0.567622E+02
        0.561903E+02
        0.556212E+02
        0.550550E+02
        0.544917E+02
        0.539315E+02
        0.533745E+02
        0.528209E+02
        0.522707E+02
        0.517240E+02
        0.511809E+02
        0.506416E+02
        0.501061E+02
        0.495744E+02
        0.490468E+02
        0.485232E+02
        0.480037E+02
        0.474885E+02
        0.469774E+02
        0.464707E+02
        0.459684E+02
        0.454705E+02
        0.449771E+02
        0.444882E+02
        0.440039E+02
        0.435242E+02
        0.430491E+02
        0.425787E+02
        0.421130E+02
        0.416520E+02
        0.411958E+02
        0.407443E+02
        0.402977E+02
        0.398558E+02
        0.394187E+02
        0.389864E+02
        0.385590E+02
        0.381363E+02
        0.377185E+02
        0.373055E+02
        0.368974E+02
        0.364940E+02
        0.360954E+02
        0.357016E+02
        0.353125E+02
        0.349282E+02
        0.345487E+02
        0.341739E+02
        0.338037E+02
        0.334382E+02
        0.330774E+02
        0.327212E+02
        0.323696E+02
        0.320226E+02
        0.316801E+02
        0.313421E+02
        0.310086E+02
        0.306795E+02
        0.303548E+02
        0.300345E+02
        0.297186E+02
        0.294069E+02
        0.290996E+02
        0.287964E+02
        0.284974E+02
        0.282026E+02
        0.279119E+02
        0.276253E+02
        0.273427E+02
        0.270640E+02
        0.267894E+02
        0.265186E+02
        0.262517E+02
        0.259886E+02
        0.257293E+02
        0.254738E+02
        0.252219E+02
        0.249737E+02
        0.247291E+02
        0.244881E+02
        0.242506E+02
        0.240166E+02
        0.237860E+02
        0.235589E+02
        0.233350E+02
        0.231145E+02
        0.228973E+02
        0.226833E+02
        0.224725E+02
        0.222649E+02
        0.220603E+02
        0.218589E+02
        0.216604E+02
        0.214650E+02
        0.212724E+02
        0.210828E+02
        0.208961E+02
        0.207122E+02
        0.205311E+02
        0.203527E+02
        0.201770E+02
        0.200041E+02
        0.198337E+02
        0.196660E+02
        0.195008E+02
        0.193382E+02
        0.191780E+02
        0.190203E+02
        0.188650E+02
        0.187122E+02
        0.185616E+02
        0.184134E+02
        0.182675E+02
        0.181238E+02
        0.179824E+02
        0.178431E+02
        0.177061E+02
        0.175711E+02
        0.174382E+02
        0.173074E+02
        0.171786E+02
        0.170519E+02
        0.169271E+02
        0.168042E+02
        0.166833E+02
        0.165643E+02
        0.164471E+02
        0.163318E+02
        0.162183E+02
        0.161066E+02
        0.159966E+02
        0.158883E+02
        0.157818E+02
        0.156769E+02
        0.155737E+02
        0.154722E+02
        0.153722E+02
        0.152738E+02
        0.151770E+02
        0.150817E+02
        0.149880E+02
        0.148957E+02
        0.148049E+02
        0.147156E+02
        0.146277E+02
        0.145412E+02
        0.144561E+02
        0.143724E+02
        0.142900E+02
        0.142089E+02
        0.141292E+02
        0.140508E+02
        0.139736E+02
        0.138977E+02
        0.138230E+02
        0.137496E+02
        0.136773E+02
        0.136063E+02
        0.135364E+02
        0.134677E+02
        0.134001E+02
        0.133336E+02
        0.132682E+02
        0.132040E+02
        0.131408E+02
        0.130786E+02
        0.130176E+02
        0.129575E+02
        0.128985E+02
        0.128404E+02
        0.127834E+02
        0.127274E+02
        0.126723E+02
        0.126181E+02
        0.125649E+02
        0.125127E+02
        0.124613E+02
        0.124108E+02
        0.123613E+02
        0.123126E+02
        0.122648E+02
        0.122178E+02
        0.121717E+02
        0.121264E+02
        0.120820E+02
        0.120383E+02
        0.119955E+02
        0.119535E+02
        0.119122E+02
        0.118717E+02
        0.118320E+02
        0.117930E+02
        0.117548E+02
        0.117173E+02
        0.116806E+02
        0.116446E+02
        0.116092E+02
        0.115746E+02
        0.115407E+02
        0.115074E+02
        0.114749E+02
        0.114430E+02
        0.114117E+02
        0.113812E+02
        0.113512E+02
        0.113219E+02
        0.112933E+02
        0.112652E+02
        0.112378E+02
        0.112110E+02
        0.111848E+02
        0.111592E+02
        0.111342E+02
        0.111098E+02
        0.110859E+02
        0.110626E+02
        0.110399E+02
        0.110178E+02
        0.109962E+02
        0.109752E+02
        0.109547E+02
        0.109347E+02
        0.109153E+02
        0.108964E+02
        0.108780E+02
        0.108601E+02
        0.108428E+02
        0.108260E+02
        0.108096E+02
        0.107938E+02
        0.107784E+02
        0.107636E+02
        0.107492E+02
        0.107353E+02
        0.107219E+02
        0.107090E+02
        0.106965E+02
        0.106845E+02
        0.106729E+02
        0.106618E+02
        0.106512E+02
        0.106410E+02
        0.106313E+02
        0.106219E+02
        0.106131E+02
        0.106046E+02
        0.105966E+02
        0.105890E+02
        0.105819E+02
        0.105751E+02
        0.105688E+02
        0.105629E+02
        0.105574E+02
        0.105523E+02
        0.105477E+02
        0.105434E+02
        0.105395E+02
        0.105360E+02
        0.105329E+02
        0.105302E+02
        0.105279E+02
        0.105260E+02
        0.105245E+02
        0.105233E+02
        0.105225E+02
        0.105221E+02
        0.105221E+02
        0.105224E+02
        0.105232E+02
        0.105242E+02
        0.105257E+02
        0.105275E+02
        0.105297E+02
        0.105322E+02
        0.105351E+02
        0.105384E+02
        0.105420E+02
        0.105459E+02
        0.105502E+02
        0.105549E+02
        0.105599E+02
        0.105652E+02
        0.105709E+02
        0.105770E+02
        0.105834E+02
        0.105901E+02
        0.105971E+02
        0.106045E+02
        0.106123E+02
        0.106203E+02
        0.106287E+02
        0.106375E+02
        0.106465E+02
        0.106559E+02
        0.106656E+02
        0.106757E+02
        0.106861E+02
        0.106968E+02
        0.107078E+02
        0.107191E+02
        0.107308E+02
        0.107428E+02
        0.107551E+02
        0.107677E+02
        0.107807E+02
        0.107939E+02
        0.108075E+02
        0.108214E+02
        0.108356E+02
        0.108502E+02
        0.108650E+02
        0.108802E+02
        0.108956E+02
        0.109114E+02
        0.109275E+02
        0.109439E+02
        0.109606E+02
        0.109777E+02
        0.109950E+02
        0.110127E+02
        0.110306E+02
        0.110489E+02
        0.110675E+02
        0.110863E+02
        0.111055E+02
        0.111250E+02
        0.111448E+02
        0.111650E+02
        0.111854E+02
        0.112061E+02
        0.112271E+02
        0.112485E+02
        0.112701E+02
        0.112921E+02
        0.113143E+02
        0.113369E+02
        0.113597E+02
        0.113829E+02
        0.114064E+02
        0.114302E+02
        0.114543E+02
        0.114786E+02
        0.115033E+02
        0.115283E+02
        0.115537E+02
        0.115793E+02
        0.116052E+02
        0.116314E+02
        0.116580E+02
        0.116848E+02
        0.117119E+02
        0.117394E+02
        0.117672E+02
        0.117952E+02
        0.118236E+02
        0.118523E+02
        0.118813E+02
        0.119106E+02
        0.119402E+02
        0.119701E+02
        0.120004E+02
        0.120309E+02
        0.120617E+02
        0.120929E+02
        0.121244E+02
        0.121562E+02
        0.121883E+02
        0.122207E+02
        0.122534E+02
        0.122864E+02
        0.123198E+02
        0.123534E+02
        0.123874E+02
        0.124217E+02
        0.124563E+02
        0.124913E+02
        0.125265E+02
        0.125621E+02
        0.125980E+02
        0.126342E+02
        0.126707E+02
        0.127076E+02
        0.127447E+02
        0.127822E+02
        0.128200E+02
        0.128582E+02
        0.128966E+02
        0.129354E+02
        0.129745E+02
        0.130140E+02
        0.130538E+02
        0.130939E+02
        0.131343E+02
        0.131751E+02
        0.132161E+02
        0.132576E+02
        0.132993E+02
        0.133414E+02
        0.133839E+02
        0.134266E+02
        0.134697E+02
        0.135132E+02
        0.135569E+02
        0.136011E+02
        0.136455E+02
        0.136903E+02
        0.137355E+02
        0.137810E+02
        0.138268E+02
        0.138730E+02
        0.139195E+02
        0.139664E+02
        0.140136E+02
        0.140612E+02
        0.141091E+02
        0.141574E+02
        0.142060E+02
        0.142550E+02
        0.143044E+02
        0.143541E+02
        0.144042E+02
        0.144546E+02
        0.145054E+02
        0.145565E+02
        0.146080E+02
        0.146599E+02
        0.147122E+02
        0.147648E+02
        0.148178E+02
        0.148711E+02
        0.149248E+02
        0.149789E+02
        0.150334E+02
        0.150883E+02
        0.151435E+02
        0.151991E+02
        0.152551E+02
        0.153114E+02
        0.153682E+02
        0.154253E+02
        0.154828E+02
        0.155407E+02
        0.155990E+02
        0.156577E+02
        0.157168E+02
        0.157763E+02
        0.158361E+02
        0.158964E+02
        0.159571E+02
        0.160181E+02
        0.160796E+02
        0.161414E+02
        0.162037E+02
        0.162664E+02
        0.163295E+02
        0.163930E+02
        0.164569E+02
        0.165212E+02
        0.165859E+02
        0.166510E+02
        0.167166E+02
        0.167826E+02
        0.168490E+02
        0.169158E+02
        0.169831E+02
        0.170507E+02
        0.171188E+02
        0.171874E+02
        0.172563E+02
        0.173257E+02
        0.173955E+02
        0.174658E+02
        0.175365E+02
        0.176077E+02
        0.176793E+02
        0.177513E+02
        0.178238E+02
        0.178967E+02
        0.179701E+02
        0.180439E+02
        0.181182E+02
        0.181929E+02
        0.182681E+02
        0.183438E+02
        0.184199E+02
        0.184965E+02
        0.185735E+02
        0.186510E+02
        0.187290E+02
        0.188075E+02
        0.188864E+02
        0.189658E+02
        0.190457E+02
        0.191260E+02
        0.192069E+02
        0.192882E+02
        0.193700E+02
        0.194523E+02
        0.195351E+02
        0.196184E+02
        0.197022E+02
        0.197864E+02
        0.198712E+02
        0.199565E+02
        0.200423E+02
        0.201285E+02
        0.202153E+02
        0.203026E+02
        0.203905E+02
        0.204788E+02
        0.205676E+02
        0.206570E+02
        0.207469E+02
        0.208373E+02
        0.209282E+02
        0.210197E+02
        0.211117E+02
        0.212042E+02
        0.212972E+02
        0.213908E+02
        0.214850E+02
        0.215796E+02
        0.216749E+02
        0.217706E+02
        0.218670E+02
        0.219638E+02
        0.220613E+02
        0.221592E+02
        0.222578E+02
        0.223569E+02
        0.224565E+02
        0.225568E+02
        0.226576E+02
        0.227589E+02
        0.228609E+02
        0.229634E+02
        0.230665E+02
        0.231702E+02
        0.232745E+02
        0.233793E+02
        0.234848E+02
        0.235908E+02
        0.236974E+02
        0.238047E+02
        0.239125E+02
        0.240209E+02
        0.241300E+02
        0.242396E+02
        0.243499E+02
        0.244607E+02
        0.245722E+02
        0.246843E+02
        0.247970E+02
        0.249104E+02
        0.250243E+02
        0.251389E+02
        0.252542E+02
        0.253700E+02
        0.254865E+02
        0.256037E+02
        0.257215E+02
        0.258399E+02
        0.259590E+02
        0.260787E+02
        0.261991E+02
        0.263201E+02
        0.264418E+02
        0.265642E+02
        0.266872E+02
        0.268109E+02
        0.269353E+02
        0.270603E+02
        0.271860E+02
        0.273124E+02
        0.274395E+02
        0.275673E+02
        0.276957E+02
        0.278249E+02
        0.279547E+02
        0.280852E+02
        0.282164E+02
        0.283484E+02
        0.284810E+02
        0.286144E+02
        0.287484E+02
        0.288832E+02
        0.290187E+02
        0.291549E+02
        0.292918E+02
        0.294295E+02
        0.295679E+02
        0.297070E+02
        0.298469E+02
        0.299874E+02
        0.301288E+02
        0.302709E+02
        0.304137E+02
        0.305573E+02
        0.307016E+02
        0.308467E+02
        0.309925E+02
        0.311391E+02
        0.312865E+02
        0.314346E+02
        0.315835E+02
        0.317332E+02
        0.318836E+02
        0.320349E+02
        0.321869E+02
        0.323397E+02
        0.324933E+02
        0.326477E+02
        0.328029E+02
        0.329588E+02
        0.331156E+02
        0.332732E+02
        0.334316E+02
        0.335908E+02
        0.337508E+02
        0.339116E+02
        0.340733E+02
        0.342357E+02
        0.343990E+02
        0.345631E+02
        0.347281E+02
        0.348939E+02
        0.350605E+02
        0.352279E+02
        0.353962E+02
        0.355654E+02
        0.357354E+02
        0.359062E+02
        0.360779E+02
        0.362505E+02
        0.364239E+02
        0.365982E+02
        0.367733E+02
        0.369493E+02
        0.371262E+02
        0.373040E+02
        0.374826E+02
        0.376621E+02
        0.378425E+02
        0.380238E+02
        0.382060E+02
        0.383891E+02
        0.385730E+02
        0.387579E+02
        0.389436E+02
        0.391303E+02
        0.393179E+02
        0.395063E+02
        0.396957E+02
        0.398860E+02
        0.400772E+02
        0.402693E+02
        0.404624E+02
        0.406563E+02
        0.408512E+02
        0.410470E+02
        0.412438E+02
        0.414415E+02
        0.416401E+02
        0.418396E+02
        0.420401E+02
        0.422416E+02
        0.424440E+02
        0.426473E+02
        0.428516E+02
        0.430568E+02
        0.432630E+02
        0.434701E+02
        0.436782E+02
        0.438872E+02
        0.440973E+02
        0.443082E+02
        0.445202E+02
        0.447331E+02
        0.449470E+02
        0.451618E+02
        0.453776E+02
        0.455944E+02
        0.458122E+02
        0.460310E+02
        0.462507E+02
        0.464714E+02
        0.466931E+02
        0.469158E+02
        0.471394E+02
        0.473641E+02
        0.475897E+02
        0.478163E+02
        0.480439E+02
        0.482725E+02
        0.485021E+02
        0.487327E+02
        0.489643E+02
        0.491968E+02
        0.494304E+02
        0.496650E+02
        0.499005E+02
        0.501371E+02
        0.503746E+02
        0.506131E+02
        0.508527E+02
        0.510932E+02
        0.513348E+02
        0.515773E+02
        0.518208E+02
        0.520653E+02
        0.523109E+02
        0.525574E+02
        0.528049E+02
        0.530534E+02
        0.533029E+02
        0.535534E+02
        0.538049E+02
        0.540573E+02
        0.543108E+02
        0.545652E+02
        0.548207E+02
        0.550771E+02
        0.553345E+02
        0.555929E+02
        0.558523E+02
        0.561126E+02
        0.563739E+02
        0.566362E+02
        0.568995E+02
        0.571637E+02
        0.574289E+02
        0.576951E+02
        0.579622E+02
        0.582303E+02
        0.584993E+02
        0.587693E+02
        0.590402E+02
        0.593121E+02
        0.595849E+02
        0.598586E+02
        0.601332E+02
        0.604088E+02
        0.606853E+02
        0.609627E+02
        0.612411E+02
        0.615203E+02
        0.618004E+02
        0.620814E+02
        0.623633E+02
        0.626461E+02
        0.629297E+02
        0.632142E+02
        0.634996E+02
        0.637858E+02
        0.640729E+02
        0.643608E+02
        0.646495E+02
        0.649390E+02
        0.652294E+02
        0.655205E+02
        0.658125E+02
        0.661052E+02
        0.663987E+02
        0.666929E+02
        0.669879E+02
        0.672837E+02
        0.675802E+02
        0.678774E+02
        0.681753E+02
        0.684739E+02
        0.687731E+02
        0.690731E+02
        0.693737E+02
        0.696750E+02
        0.699768E+02
        0.702793E+02
        0.705824E+02
        0.708861E+02
        0.711904E+02
        0.714952E+02
        0.718006E+02
        0.721064E+02
        0.724128E+02
        0.727197E+02
        0.730270E+02
        0.733348E+02
        0.736430E+02
        0.739516E+02
        0.742607E+02
        0.745701E+02
        0.748798E+02
        0.751899E+02
        0.755003E+02
        0.758110E+02
        0.761219E+02
        0.764331E+02
        0.767445E+02
        0.770561E+02
        0.773678E+02
        0.776797E+02
        0.779917E+02
        0.783038E+02
        0.786160E+02
        0.789282E+02
        0.792404E+02
        0.795525E+02
        0.798646E+02
        0.801767E+02
        0.804886E+02
        0.808003E+02
        0.811119E+02
        0.814232E+02
        0.817343E+02
        0.820451E+02
        0.823556E+02
        0.826657E+02
        0.829755E+02
        0.832848E+02
        0.835936E+02
        0.839019E+02
        0.842097E+02
        0.845168E+02
        0.848233E+02
        0.851292E+02
        0.854343E+02
        0.857386E+02
        0.860422E+02
        0.863449E+02
        0.866466E+02
        0.869474E+02
        0.872472E+02
        0.875460E+02
        0.878436E+02
        0.881401E+02
        0.884353E+02
        0.887293E+02
        0.890220E+02
        0.893133E+02
        0.896031E+02
        0.898915E+02
        0.901783E+02
        0.904635E+02
        0.907470E+02
        0.910288E+02
        0.913088E+02
        0.915869E+02
        0.918631E+02
        0.921373E+02
        0.924095E+02
        0.926795E+02
        0.929473E+02
        0.932128E+02
        0.934760E+02
        0.937368E+02
        0.939950E+02
        0.942507E+02
        0.945038E+02
        0.947542E+02
        0.950017E+02
        0.952464E+02
        0.954881E+02
        0.957268E+02
        0.959623E+02
        0.961947E+02
        0.964238E+02
        0.966494E+02
        0.968717E+02
        0.970903E+02
        0.973054E+02
        0.975167E+02
        0.977241E+02
        0.979277E+02
        0.981273E+02
        0.983227E+02
        0.985140E+02
        0.987010E+02
        0.988836E+02
        0.990617E+02
        0.992353E+02
        0.994042E+02
        0.995683E+02
        0.997275E+02
        0.998817E+02
        0.100031E+03
        0.100175E+03
        0.100314E+03
        0.100447E+03
        0.100575E+03
        0.100697E+03
        0.100814E+03
        0.100924E+03
        0.101029E+03
        0.101128E+03
        0.101221E+03
        0.101308E+03
        0.101388E+03
        0.101462E+03
        0.101529E+03
        0.101590E+03
        0.101644E+03
        0.101691E+03
        0.101732E+03
        0.101765E+03
        0.101791E+03
        0.101810E+03
        0.101822E+03
        0.101826E+03
        0.101823E+03
        0.101812E+03
        0.101793E+03
        0.101767E+03
        0.101733E+03
        0.101690E+03
        0.101640E+03
        0.101582E+03
        0.101516E+03
        0.101441E+03
        0.101358E+03
        0.101266E+03
        0.101166E+03
        0.101057E+03
        0.100940E+03
        0.100814E+03
        0.100680E+03
        0.100536E+03
        0.100384E+03
        0.100223E+03
        0.100052E+03
        0.998732E+02
        0.996850E+02
        0.994878E+02
        0.992814E+02
        0.990660E+02
        0.988414E+02
        0.986077E+02
        0.983648E+02
        0.981128E+02
        0.978516E+02
        0.975813E+02
        0.973018E+02
        0.970131E+02
        0.967154E+02
        0.964086E+02
        0.960927E+02
        0.957678E+02
        0.954339E+02
        0.950911E+02
        0.947394E+02
        0.943789E+02
        0.940096E+02
        0.936316E+02
        0.932450E+02
        0.928499E+02
        0.924463E+02
        0.920344E+02
        0.916142E+02
        0.911859E+02
        0.907495E+02
        0.903052E+02
        0.898531E+02
        0.893932E+02
        0.889259E+02
        0.884511E+02
        0.879690E+02
        0.874798E+02
        0.869836E+02
        0.864806E+02
        0.859709E+02
        0.854548E+02
        0.849322E+02
        0.844036E+02
        0.838689E+02
        0.833285E+02
        0.827824E+02
        0.822309E+02
        0.816742E+02
        0.811124E+02
        0.805458E+02
        0.799745E+02
        0.793988E+02
        0.788189E+02
        0.782350E+02
        0.776472E+02
        0.770558E+02
        0.764610E+02
        0.758631E+02
        0.752621E+02
        0.746585E+02
        0.740522E+02
        0.734437E+02
        0.728330E+02
        0.722205E+02
        0.716062E+02
        0.709905E+02
        0.703736E+02
        0.697555E+02
        0.691367E+02
        0.685172E+02
        0.678973E+02
        0.672772E+02
        0.666571E+02
        0.660371E+02
        0.654175E+02
        0.647986E+02
        0.641803E+02
        0.635630E+02
        0.629469E+02
        0.623321E+02
        0.617187E+02
        0.611071E+02
        0.604972E+02
        0.598894E+02
        0.592837E+02
        0.586804E+02
        0.580796E+02
        0.574813E+02
        0.568859E+02
        0.562934E+02
        0.557039E+02
        0.551176E+02
        0.545346E+02
        0.539550E+02
        0.533790E+02
        0.528067E+02
        0.522381E+02
        0.516734E+02
        0.511127E+02
        0.505561E+02
        0.500036E+02
        0.494554E+02
        0.489115E+02
        0.483720E+02
        0.478370E+02
        0.473065E+02
        0.467807E+02
        0.462596E+02
        0.457431E+02
        0.452315E+02
        0.447247E+02
        0.442227E+02
        0.437257E+02
        0.432336E+02
        0.427465E+02
        0.422644E+02
        0.417874E+02
        0.413154E+02
        0.408485E+02
        0.403866E+02
        0.399299E+02
        0.394783E+02
        0.390318E+02
        0.385904E+02
        0.381542E+02
        0.377230E+02
        0.372970E+02
        0.368761E+02
        0.364603E+02
        0.360495E+02
        0.356439E+02
        0.352432E+02
        0.348477E+02
        0.344571E+02
        0.340715E+02
        0.336909E+02
        0.333152E+02
        0.329444E+02
        0.325785E+02
        0.322174E+02
        0.318612E+02
        0.315098E+02
        0.311631E+02
        0.308211E+02
        0.304838E+02
        0.301511E+02
        0.298231E+02
        0.294996E+02
        0.291806E+02
        0.288661E+02
        0.285560E+02
        0.282504E+02
        0.279491E+02
        0.276520E+02
        0.273593E+02
        0.270708E+02
        0.267864E+02
        0.265062E+02
        0.262301E+02
        0.259580E+02
        0.256899E+02
        0.254257E+02
        0.251655E+02
        0.249091E+02
        0.246565E+02
        0.244077E+02
        0.241625E+02
        0.239211E+02
        0.236833E+02
        0.234491E+02
        0.232183E+02
        0.229911E+02
        0.227674E+02
        0.225470E+02
        0.223299E+02
        0.221162E+02
        0.219058E+02
        0.216985E+02
        0.214945E+02
        0.212935E+02
        0.210957E+02
        0.209009E+02
        0.207091E+02
        0.205202E+02
        0.203343E+02
        0.201513E+02
        0.199711E+02
        0.197937E+02
        0.196190E+02
        0.194471E+02
        0.192778E+02
        0.191112E+02
        0.189472E+02
        0.187857E+02
        0.186268E+02
        0.184703E+02
        0.183163E+02
        0.181648E+02
        0.180156E+02
        0.178687E+02
        0.177241E+02
        0.175819E+02
        0.174418E+02
        0.173040E+02
        0.171684E+02
        0.170348E+02
        0.169034E+02
        0.167741E+02
        0.166468E+02
        0.165216E+02
        0.163983E+02
        0.162770E+02
        0.161576E+02
        0.160401E+02
        0.159245E+02
        0.158107E+02
        0.156988E+02
        0.155886E+02
        0.154801E+02
        0.153735E+02
        0.152685E+02
        0.151652E+02
        0.150635E+02
        0.149635E+02
        0.148651E+02
        0.147683E+02
        0.146730E+02
        0.145793E+02
        0.144871E+02
        0.143964E+02
        0.143071E+02
        0.142193E+02
        0.141330E+02
        0.140480E+02
        0.139644E+02
        0.138822E+02
        0.138013E+02
        0.137217E+02
        0.136435E+02
        0.135665E+02
        0.134908E+02
        0.134163E+02
        0.133431E+02
        0.132711E+02
        0.132003E+02
        0.131307E+02
        0.130622E+02
        0.129949E+02
        0.129286E+02
        0.128636E+02
        0.127996E+02
        0.127366E+02
        0.126748E+02
        0.126140E+02
        0.125542E+02
        0.124955E+02
        0.124378E+02
        0.123810E+02
        0.123252E+02
        0.122705E+02
        0.122166E+02
        0.121637E+02
        0.121117E+02
        0.120607E+02
        0.120105E+02
        0.119612E+02
        0.119129E+02
        0.118653E+02
        0.118187E+02
        0.117728E+02
        0.117279E+02
        0.116837E+02
        0.116403E+02
        0.115978E+02
        0.115560E+02
        0.115150E+02
        0.114748E+02
        0.114354E+02
        0.113967E+02
        0.113587E+02
        0.113215E+02
        0.112850E+02
        0.112492E+02
        0.112141E+02
        0.111797E+02
        0.111460E+02
        0.111130E+02
        0.110807E+02
        0.110490E+02
        0.110180E+02
        0.109876E+02
        0.109579E+02
        0.109288E+02
        0.109003E+02
        0.108725E+02
        0.108452E+02
        0.108186E+02
        0.107926E+02
        0.107671E+02
        0.107423E+02
        0.107180E+02
        0.106943E+02
        0.106712E+02
        0.106486E+02
        0.106266E+02
        0.106051E+02
        0.105842E+02
        0.105638E+02
        0.105439E+02
        0.105246E+02
        0.105058E+02
        0.104875E+02
        0.104697E+02
        0.104524E+02
        0.104356E+02
        0.104193E+02
        0.104035E+02
        0.103882E+02
        0.103734E+02
        0.103591E+02
        0.103452E+02
        0.103318E+02
        0.103188E+02
        0.103064E+02
        0.102943E+02
        0.102828E+02
        0.102717E+02
        0.102610E+02
        0.102507E+02
        0.102409E+02
        0.102316E+02
        0.102226E+02
        0.102141E+02
        0.102060E+02
        0.101984E+02
        0.101911E+02
        0.101843E+02
        0.101778E+02
        0.101718E+02
        0.101662E+02
        0.101610E+02
        0.101561E+02
        0.101517E+02
        0.101477E+02
        0.101440E+02
        0.101408E+02
        0.101379E+02
        0.101354E+02
        0.101333E+02
        0.101315E+02
        0.101302E+02
        0.101292E+02
        0.101285E+02
        0.101283E+02
        0.101284E+02
        0.101289E+02
        0.101297E+02
        0.101309E+02
        0.101324E+02
        0.101343E+02
        0.101366E+02
        0.101391E+02
        0.101421E+02
        0.101454E+02
        0.101490E+02
        0.101530E+02
        0.101573E+02
        0.101620E+02
        0.101670E+02
        0.101723E+02
        0.101780E+02
        0.101840E+02
        0.101904E+02
        0.101970E+02
        0.102040E+02
        0.102114E+02
        0.102190E+02
        0.102270E+02
        0.102353E+02
        0.102439E+02
        0.102529E+02
        0.102621E+02
        0.102717E+02
        0.102816E+02
        0.102918E+02
        0.103024E+02
        0.103132E+02
        0.103244E+02
        0.103359E+02
        0.103477E+02
        0.103598E+02
        0.103722E+02
        0.103849E+02
        0.103980E+02
        0.104113E+02
        0.104250E+02
        0.104389E+02
        0.104532E+02
        0.104678E+02
        0.104827E+02
        0.104979E+02
        0.105133E+02
        0.105291E+02
        0.105452E+02
        0.105616E+02
        0.105783E+02
        0.105953E+02
        0.106126E+02
        0.106302E+02
        0.106481E+02
        0.106663E+02
        0.106848E+02
        0.107036E+02
        0.107227E+02
        0.107421E+02
        0.107618E+02
        0.107818E+02
        0.108021E+02
        0.108227E+02
        0.108436E+02
        0.108648E+02
        0.108863E+02
        0.109081E+02
        0.109302E+02
        0.109525E+02
        0.109752E+02
        0.109982E+02
        0.110215E+02
        0.110450E+02
        0.110689E+02
        0.110931E+02
        0.111175E+02
        0.111423E+02
        0.111674E+02
        0.111927E+02
        0.112184E+02
        0.112443E+02
        0.112706E+02
        0.112971E+02
        0.113240E+02
        0.113511E+02
        0.113786E+02
        0.114063E+02
        0.114344E+02
        0.114627E+02
        0.114914E+02
        0.115203E+02
        0.115496E+02
        0.115792E+02
        0.116090E+02
        0.116392E+02
        0.116696E+02
        0.117004E+02
        0.117315E+02
        0.117629E+02
        0.117945E+02
        0.118265E+02
        0.118588E+02
        0.118914E+02
        0.119243E+02
        0.119575E+02
        0.119911E+02
        0.120249E+02
        0.120590E+02
        0.120935E+02
        0.121283E+02
        0.121633E+02
        0.121987E+02
        0.122344E+02
        0.122704E+02
        0.123068E+02
        0.123434E+02
        0.123804E+02
        0.124176E+02
        0.124552E+02
        0.124931E+02
        0.125314E+02
        0.125699E+02
        0.126088E+02
        0.126480E+02
        0.126875E+02
        0.127273E+02
        0.127675E+02
        0.128080E+02
        0.128488E+02
        0.128899E+02
        0.129314E+02
        0.129732E+02
        0.130153E+02
        0.130577E+02
        0.131005E+02
        0.131436E+02
        0.131871E+02
        0.132309E+02
        0.132750E+02
        0.133194E+02
        0.133642E+02
        0.134094E+02
        0.134548E+02
        0.135007E+02
        0.135468E+02
        0.135933E+02
        0.136402E+02
        0.136873E+02
        0.137349E+02
        0.137828E+02
        0.138310E+02
        0.138796E+02
        0.139285E+02
        0.139778E+02
        0.140274E+02
        0.140774E+02
        0.141278E+02
        0.141785E+02
        0.142295E+02
        0.142810E+02
        0.143328E+02
        0.143849E+02
        0.144374E+02
        0.144903E+02
        0.145436E+02
        0.145972E+02
        0.146512E+02
        0.147055E+02
        0.147602E+02
        0.148154E+02
        0.148708E+02
        0.149267E+02
        0.149829E+02
        0.150395E+02
        0.150965E+02
        0.151539E+02
        0.152117E+02
        0.152698E+02
        0.153283E+02
        0.153873E+02
        0.154466E+02
        0.155063E+02
        0.155664E+02
        0.156269E+02
        0.156878E+02
        0.157490E+02
        0.158107E+02
        0.158728E+02
        0.159353E+02
        0.159982E+02
        0.160615E+02
        0.161252E+02
        0.161893E+02
        0.162539E+02
        0.163188E+02
        0.163842E+02
        0.164499E+02
        0.165161E+02
        0.165827E+02
        0.166498E+02
        0.167172E+02
        0.167851E+02
        0.168534E+02
        0.169222E+02
        0.169913E+02
        0.170609E+02
        0.171310E+02
        0.172015E+02
        0.172724E+02
        0.173437E+02
        0.174155E+02
        0.174878E+02
        0.175605E+02
        0.176336E+02
        0.177072E+02
        0.177812E+02
        0.178557E+02
        0.179306E+02
        0.180060E+02
        0.180819E+02
        0.181582E+02
        0.182350E+02
        0.183123E+02
        0.183900E+02
        0.184682E+02
        0.185468E+02
        0.186260E+02
        0.187056E+02
        0.187857E+02
        0.188663E+02
        0.189473E+02
        0.190289E+02
        0.191109E+02
        0.191934E+02
        0.192764E+02
        0.193599E+02
        0.194439E+02
        0.195284E+02
        0.196134E+02
        0.196989E+02
        0.197849E+02
        0.198714E+02
        0.199584E+02
        0.200459E+02
        0.201340E+02
        0.202225E+02
        0.203116E+02
        0.204012E+02
        0.204913E+02
        0.205820E+02
        0.206731E+02
        0.207648E+02
        0.208571E+02
        0.209498E+02
        0.210431E+02
        0.211370E+02
        0.212314E+02
        0.213263E+02
        0.214218E+02
        0.215178E+02
        0.216144E+02
        0.217115E+02
        0.218092E+02
        0.219075E+02
        0.220063E+02
        0.221056E+02
        0.222056E+02
        0.223061E+02
        0.224072E+02
        0.225088E+02
        0.226111E+02
        0.227139E+02
        0.228173E+02
        0.229213E+02
        0.230258E+02
        0.231310E+02
        0.232367E+02
        0.233431E+02
        0.234500E+02
        0.235576E+02
        0.236657E+02
        0.237745E+02
        0.238838E+02
        0.239938E+02
        0.241044E+02
        0.242156E+02
        0.243275E+02
        0.244399E+02
        0.245530E+02
        0.246667E+02
        0.247810E+02
        0.248960E+02
        0.250116E+02
        0.251278E+02
        0.252447E+02
        0.253622E+02
        0.254804E+02
        0.255993E+02
        0.257187E+02
        0.258389E+02
        0.259597E+02
        0.260811E+02
        0.262033E+02
        0.263261E+02
        0.264495E+02
        0.265737E+02
        0.266985E+02
        0.268240E+02
        0.269501E+02
        0.270770E+02
        0.272046E+02
        0.273328E+02
        0.274617E+02
        0.275914E+02
        0.277217E+02
        0.278528E+02
        0.279845E+02
        0.281170E+02
        0.282501E+02
        0.283840E+02
        0.285186E+02
        0.286539E+02
        0.287900E+02
        0.289268E+02
        0.290643E+02
        0.292025E+02
        0.293415E+02
        0.294812E+02
        0.296217E+02
        0.297629E+02
        0.299048E+02
        0.300475E+02
        0.301910E+02
        0.303352E+02
        0.304802E+02
        0.306259E+02
        0.307725E+02
        0.309198E+02
        0.310678E+02
        0.312167E+02
        0.313663E+02
        0.315167E+02
        0.316679E+02
        0.318199E+02
        0.319726E+02
        0.321262E+02
        0.322806E+02
        0.324357E+02
        0.325917E+02
        0.327485E+02
        0.329061E+02
        0.330645E+02
        0.332237E+02
        0.333838E+02
        0.335447E+02
        0.337064E+02
        0.338689E+02
        0.340323E+02
        0.341965E+02
        0.343615E+02
        0.345274E+02
        0.346942E+02
        0.348618E+02
        0.350302E+02
        0.351995E+02
        0.353696E+02
        0.355407E+02
        0.357125E+02
        0.358853E+02
        0.360589E+02
        0.362334E+02
        0.364088E+02
        0.365850E+02
        0.367622E+02
        0.369402E+02
        0.371191E+02
        0.372989E+02
        0.374796E+02
        0.376612E+02
        0.378437E+02
        0.380271E+02
        0.382115E+02
        0.383967E+02
        0.385828E+02
        0.387699E+02
        0.389579E+02
        0.391468E+02
        0.393366E+02
        0.395273E+02
        0.397190E+02
        0.399116E+02
        0.401052E+02
        0.402997E+02
        0.404951E+02
        0.406915E+02
        0.408888E+02
        0.410871E+02
        0.412864E+02
        0.414865E+02
        0.416877E+02
        0.418898E+02
        0.420929E+02
        0.422969E+02
        0.425019E+02
        0.427079E+02
        0.429148E+02
        0.431228E+02
        0.433317E+02
        0.435416E+02
        0.437524E+02
        0.439643E+02
        0.441771E+02
        0.443910E+02
        0.446058E+02
        0.448216E+02
        0.450384E+02
        0.452562E+02
        0.454750E+02
        0.456949E+02
        0.459157E+02
        0.461375E+02
        0.463603E+02
        0.465842E+02
        0.468090E+02
        0.470349E+02
        0.472618E+02
        0.474897E+02
        0.477186E+02
        0.479485E+02
        0.481795E+02
        0.484115E+02
        0.486445E+02
        0.488785E+02
        0.491135E+02
        0.493496E+02
        0.495867E+02
        0.498249E+02
        0.500640E+02
        0.503042E+02
        0.505454E+02
        0.507877E+02
        0.510310E+02
        0.512753E+02
        0.515206E+02
        0.517670E+02
        0.520144E+02
        0.522629E+02
        0.525124E+02
        0.527629E+02
        0.530144E+02
        0.532670E+02
        0.535206E+02
        0.537753E+02
        0.540309E+02
        0.542876E+02
        0.545454E+02
        0.548041E+02
        0.550639E+02
        0.553248E+02
        0.555866E+02
        0.558495E+02
        0.561133E+02
        0.563782E+02
        0.566442E+02
        0.569111E+02
        0.571791E+02
        0.574480E+02
        0.577180E+02
        0.579890E+02
        0.582610E+02
        0.585340E+02
        0.588080E+02
        0.590829E+02
        0.593589E+02
        0.596359E+02
        0.599138E+02
        0.601927E+02
        0.604726E+02
        0.607535E+02
        0.610354E+02
        0.613182E+02
        0.616019E+02
        0.618866E+02
        0.621723E+02
        0.624589E+02
        0.627464E+02
        0.630349E+02
        0.633243E+02
        0.636146E+02
        0.639058E+02
        0.641980E+02
        0.644910E+02
        0.647849E+02
        0.650797E+02
        0.653753E+02
        0.656719E+02
        0.659693E+02
        0.662675E+02
        0.665666E+02
        0.668665E+02
        0.671672E+02
        0.674688E+02
        0.677711E+02
        0.680742E+02
        0.683781E+02
        0.686828E+02
        0.689882E+02
        0.692944E+02
        0.696013E+02
        0.699089E+02
        0.702172E+02
        0.705263E+02
        0.708360E+02
        0.711463E+02
        0.714573E+02
        0.717690E+02
        0.720812E+02
        0.723941E+02
        0.727076E+02
        0.730216E+02
        0.733362E+02
        0.736513E+02
        0.739669E+02
        0.742831E+02
        0.745997E+02
        0.749167E+02
        0.752343E+02
        0.755522E+02
        0.758705E+02
        0.761892E+02
        0.765083E+02
        0.768277E+02
        0.771474E+02
        0.774674E+02
        0.777876E+02
        0.781081E+02
        0.784288E+02
        0.787497E+02
        0.790708E+02
        0.793919E+02
        0.797132E+02
        0.800346E+02
        0.803560E+02
        0.806774E+02
        0.809988E+02
        0.813201E+02
        0.816414E+02
        0.819625E+02
        0.822835E+02
        0.826043E+02
        0.829249E+02
        0.832453E+02
        0.835653E+02
        0.838851E+02
        0.842044E+02
        0.845234E+02
        0.848419E+02
        0.851600E+02
        0.854775E+02
        0.857944E+02
        0.861107E+02
        0.864264E+02
        0.867413E+02
        0.870555E+02
        0.873690E+02
        0.876815E+02
        0.879932E+02
        0.883039E+02
        0.886137E+02
        0.889224E+02
        0.892299E+02
        0.895364E+02
        0.898416E+02
        0.901456E+02
        0.904482E+02
        0.907494E+02
        0.910493E+02
        0.913476E+02
        0.916443E+02
        0.919394E+02
        0.922329E+02
        0.925245E+02
        0.928144E+02
        0.931024E+02
        0.933884E+02
        0.936724E+02
        0.939543E+02
        0.942340E+02
        0.945115E+02
        0.947867E+02
        0.950594E+02
        0.953298E+02
        0.955975E+02
        0.958627E+02
        0.961251E+02
        0.963848E+02
        0.966416E+02
        0.968954E+02
        0.971462E+02
        0.973939E+02
        0.976383E+02
        0.978795E+02
        0.981173E+02
        0.983516E+02
        0.985823E+02
        0.988094E+02
        0.990327E+02
        0.992522E+02
        0.994677E+02
        0.996792E+02
        0.998865E+02
        0.100090E+03
        0.100288E+03
        0.100483E+03
        0.100672E+03
        0.100858E+03
        0.101038E+03
        0.101213E+03
        0.101384E+03
        0.101549E+03
        0.101710E+03
        0.101865E+03
        0.102014E+03
        0.102158E+03
        0.102297E+03
        0.102430E+03
        0.102557E+03
        0.102678E+03
        0.102793E+03
        0.102901E+03
        0.103004E+03
        0.103100E+03
        0.103190E+03
        0.103273E+03
        0.103349E+03
        0.103419E+03
        0.103481E+03
        0.103537E+03
        0.103585E+03
        0.103627E+03
        0.103660E+03
        0.103687E+03
        0.103705E+03
        0.103716E+03
        0.103720E+03
        0.103715E+03
        0.103702E+03
        0.103682E+03
        0.103653E+03
        0.103616E+03
        0.103570E+03
        0.103516E+03
        0.103453E+03
        0.103382E+03
        0.103302E+03
        0.103213E+03
        0.103116E+03
        0.103009E+03
        0.102894E+03
        0.102769E+03
        0.102635E+03
        0.102492E+03
        0.102339E+03
        0.102178E+03
        0.102006E+03
        0.101826E+03
        0.101636E+03
        0.101436E+03
        0.101227E+03
        0.101008E+03
        0.100779E+03
        0.100541E+03
        0.100294E+03
        0.100036E+03
        0.997690E+02
        0.994922E+02
        0.992058E+02
        0.989097E+02
        0.986040E+02
        0.982886E+02
        0.979637E+02
        0.976292E+02
        0.972852E+02
        0.969317E+02
        0.965688E+02
        0.961966E+02
        0.958151E+02
        0.954243E+02
        0.950244E+02
        0.946155E+02
        0.941975E+02
        0.937708E+02
        0.933352E+02
        0.928910E+02
        0.924382E+02
        0.919770E+02
        0.915075E+02
        0.910298E+02
        0.905442E+02
        0.900506E+02
        0.895493E+02
        0.890404E+02
        0.885241E+02
        0.880005E+02
        0.874699E+02
        0.869324E+02
        0.863881E+02
        0.858373E+02
        0.852802E+02
        0.847169E+02
        0.841477E+02
        0.835727E+02
        0.829922E+02
        0.824063E+02
        0.818154E+02
        0.812195E+02
        0.806189E+02
        0.800139E+02
        0.794047E+02
        0.787914E+02
        0.781744E+02
        0.775538E+02
        0.769298E+02
        0.763028E+02
        0.756729E+02
        0.750404E+02
        0.744055E+02
        0.737684E+02
        0.731293E+02
        0.724886E+02
        0.718464E+02
        0.712029E+02
        0.705585E+02
        0.699132E+02
        0.692673E+02
        0.686211E+02
        0.679748E+02
        0.673286E+02
        0.666827E+02
        0.660372E+02
        0.653925E+02
        0.647488E+02
        0.641061E+02
        0.634648E+02
        0.628250E+02
        0.621869E+02
        0.615507E+02
        0.609166E+02
        0.602848E+02
        0.596553E+02
        0.590285E+02
        0.584044E+02
        0.577832E+02
        0.571651E+02
        0.565502E+02
        0.559387E+02
        0.553306E+02
        0.547262E+02
        0.541256E+02
        0.535289E+02
        0.529361E+02
        0.523475E+02
        0.517631E+02
        0.511830E+02
        0.506074E+02
        0.500363E+02
        0.494697E+02
        0.489079E+02
        0.483509E+02
        0.477987E+02
        0.472514E+02
        0.467091E+02
        0.461719E+02
        0.456397E+02
        0.451127E+02
        0.445908E+02
        0.440743E+02
        0.435629E+02
        0.430569E+02
        0.425563E+02
        0.420609E+02
        0.415710E+02
        0.410865E+02
        0.406074E+02
        0.401337E+02
        0.396655E+02
        0.392027E+02
        0.387454E+02
        0.382935E+02
        0.378470E+02
        0.374060E+02
        0.369704E+02
        0.365402E+02
        0.361154E+02
        0.356960E+02
        0.352820E+02
        0.348732E+02
        0.344698E+02
        0.340717E+02
        0.336789E+02
        0.332912E+02
        0.329088E+02
        0.325315E+02
        0.321594E+02
        0.317924E+02
        0.314304E+02
        0.310734E+02
        0.307214E+02
        0.303744E+02
        0.300322E+02
        0.296949E+02
        0.293625E+02
        0.290347E+02
        0.287117E+02
        0.283934E+02
        0.280797E+02
        0.277705E+02
        0.274659E+02
        0.271658E+02
        0.268701E+02
        0.265788E+02
        0.262918E+02
        0.260091E+02
        0.257307E+02
        0.254564E+02
        0.251863E+02
        0.249202E+02
        0.246582E+02
        0.244001E+02
        0.241460E+02
        0.238958E+02
        0.236494E+02
        0.234068E+02
        0.231679E+02
        0.229328E+02
        0.227012E+02
        0.224732E+02
        0.222488E+02
        0.220278E+02
        0.218103E+02
        0.215962E+02
        0.213855E+02
        0.211780E+02
        0.209738E+02
        0.207728E+02
        0.205749E+02
        0.203801E+02
        0.201885E+02
        0.199998E+02
        0.198141E+02
        0.196314E+02
        0.194516E+02
        0.192746E+02
        0.191004E+02
        0.189289E+02
        0.187602E+02
        0.185942E+02
        0.184308E+02
        0.182701E+02
        0.181118E+02
        0.179561E+02
        0.178029E+02
        0.176522E+02
        0.175038E+02
        0.173579E+02
        0.172142E+02
        0.170729E+02
        0.169338E+02
        0.167970E+02
        0.166623E+02
        0.165299E+02
        0.163995E+02
        0.162713E+02
        0.161451E+02
        0.160209E+02
        0.158988E+02
        0.157786E+02
        0.156604E+02
        0.155440E+02
        0.154296E+02
        0.153170E+02
        0.152062E+02
        0.150972E+02
        0.149900E+02
        0.148845E+02
        0.147807E+02
        0.146787E+02
        0.145782E+02
        0.144795E+02
        0.143823E+02
        0.142867E+02
        0.141927E+02
        0.141002E+02
        0.140092E+02
        0.139197E+02
        0.138317E+02
        0.137451E+02
        0.136600E+02
        0.135762E+02
        0.134939E+02
        0.134129E+02
        0.133332E+02
        0.132549E+02
        0.131778E+02
        0.131020E+02
        0.130275E+02
        0.129543E+02
        0.128822E+02
        0.128114E+02
        0.127418E+02
        0.126733E+02
        0.126060E+02
        0.125398E+02
        0.124747E+02
        0.124108E+02
        0.123479E+02
        0.122861E+02
        0.122254E+02
        0.121657E+02
        0.121070E+02
        0.120494E+02
        0.119927E+02
        0.119370E+02
        0.118823E+02
        0.118286E+02
        0.117758E+02
        0.117239E+02
        0.116729E+02
        0.116229E+02
        0.115737E+02
        0.115254E+02
        0.114780E+02
        0.114315E+02
        0.113857E+02
        0.113409E+02
        0.112968E+02
        0.112536E+02
        0.112111E+02
        0.111695E+02
        0.111286E+02
        0.110885E+02
        0.110491E+02
        0.110105E+02
        0.109727E+02
        0.109355E+02
        0.108991E+02
        0.108634E+02
        0.108284E+02
        0.107941E+02
        0.107605E+02
        0.107276E+02
        0.106953E+02
        0.106637E+02
        0.106328E+02
        0.106025E+02
        0.105728E+02
        0.105438E+02
        0.105154E+02
        0.104876E+02
        0.104604E+02
        0.104338E+02
        0.104078E+02
        0.103824E+02
        0.103576E+02
        0.103333E+02
        0.103096E+02
        0.102865E+02
        0.102639E+02
        0.102419E+02
        0.102204E+02
        0.101995E+02
        0.101791E+02
        0.101592E+02
        0.101398E+02
        0.101210E+02
        0.101027E+02
        0.100848E+02
        0.100675E+02
        0.100507E+02
        0.100343E+02
        0.100185E+02
        0.100031E+02
        0.998818E+01
        0.997374E+01
        0.995978E+01
        0.994627E+01
        0.993323E+01
        0.992063E+01
        0.990849E+01
        0.989679E+01
        0.988553E+01
        0.987471E+01
        0.986433E+01
        0.985437E+01
        0.984484E+01
        0.983574E+01
        0.982705E+01
        0.981878E+01
        0.981092E+01
        0.980347E+01
        0.979643E+01
        0.978978E+01
        0.978354E+01
        0.977770E+01
        0.977224E+01
        0.976718E+01
        0.976251E+01
        0.975822E+01
        0.975431E+01
        0.975078E+01
        0.974763E+01
        0.974485E+01
        0.974244E+01
        0.974040E+01
        0.973873E+01
        0.973742E+01
        0.973648E+01
        0.973589E+01
        0.973566E+01
        0.973579E+01
        0.973626E+01
        0.973709E+01
        0.973827E+01
        0.973979E+01
        0.974166E+01
        0.974387E+01
        0.974643E+01
        0.974932E+01
        0.975255E+01
        0.975611E+01
        0.976001E+01
        0.976424E+01
        0.976880E+01
        0.977369E+01
        0.977891E+01
        0.978445E+01
        0.979032E+01
        0.979651E+01
        0.980303E+01
        0.980986E+01
        0.981701E+01
        0.982448E+01
        0.983226E+01
        0.984037E+01
        0.984878E+01
        0.985751E+01
        0.986655E+01
        0.987590E+01
        0.988556E+01
        0.989553E+01
        0.990580E+01
        0.991638E+01
        0.992727E+01
        0.993847E+01
        0.994996E+01
        0.996176E+01
        0.997386E+01
        0.998627E+01
        0.999897E+01
        0.100120E+02
        0.100253E+02
        0.100389E+02
        0.100528E+02
        0.100670E+02
        0.100815E+02
        0.100963E+02
        0.101113E+02
        0.101267E+02
        0.101424E+02
        0.101584E+02
        0.101746E+02
        0.101912E+02
        0.102080E+02
        0.102252E+02
        0.102426E+02
        0.102603E+02
        0.102784E+02
        0.102967E+02
        0.103153E+02
        0.103341E+02
        0.103533E+02
        0.103728E+02
        0.103925E+02
        0.104126E+02
        0.104329E+02
        0.104536E+02
        0.104745E+02
        0.104957E+02
        0.105172E+02
        0.105390E+02
        0.105610E+02
        0.105834E+02
        0.106061E+02
        0.106290E+02
        0.106522E+02
        0.106758E+02
        0.106996E+02
        0.107237E+02
        0.107481E+02
        0.107727E+02
        0.107977E+02
        0.108230E+02
        0.108485E+02
        0.108744E+02
        0.109005E+02
        0.109269E+02
        0.109536E+02
        0.109806E+02
        0.110079E+02
        0.110355E+02
        0.110634E+02
        0.110916E+02
        0.111201E+02
        0.111488E+02
        0.111779E+02
        0.112072E+02
        0.112369E+02
        0.112668E+02
        0.112971E+02
        0.113276E+02
        0.113584E+02
        0.113896E+02
        0.114210E+02
        0.114527E+02
        0.114848E+02
        0.115171E+02
        0.115497E+02
        0.115826E+02
        0.116159E+02
        0.116494E+02
        0.116832E+02
        0.117174E+02
        0.117518E+02
        0.117866E+02
        0.118216E+02
        0.118570E+02
        0.118926E+02
        0.119286E+02
        0.119649E+02
        0.120015E+02
        0.120384E+02
        0.120756E+02
        0.121131E+02
        0.121509E+02
        0.121891E+02
        0.122275E+02
        0.122663E+02
        0.123054E+02
        0.123448E+02
        0.123845E+02
        0.124246E+02
        0.124649E+02
        0.125056E+02
        0.125466E+02
        0.125879E+02
        0.126296E+02
        0.126716E+02
        0.127139E+02
        0.127565E+02
        0.127994E+02
        0.128427E+02
        0.128863E+02
        0.129303E+02
        0.129745E+02
        0.130191E+02
        0.130641E+02
        0.131093E+02
        0.131550E+02
        0.132009E+02
        0.132472E+02
        0.132938E+02
        0.133408E+02
        0.133881E+02
        0.134357E+02
        0.134837E+02
        0.135320E+02
        0.135807E+02
        0.136298E+02
        0.136791E+02
        0.137289E+02
        0.137790E+02
        0.138294E+02
        0.138802E+02
        0.139313E+02
        0.139828E+02
        0.140347E+02
        0.140869E+02
        0.141395E+02
        0.141924E+02
        0.142457E+02
        0.142994E+02
        0.143535E+02
        0.144079E+02
        0.144626E+02
        0.145178E+02
        0.145733E+02
        0.146292E+02
        0.146855E+02
        0.147421E+02
        0.147991E+02
        0.148565E+02
        0.149143E+02
        0.149725E+02
        0.150311E+02
        0.150900E+02
        0.151493E+02
        0.152090E+02
        0.152692E+02
        0.153297E+02
        0.153906E+02
        0.154518E+02
        0.155135E+02
        0.155756E+02
        0.156381E+02
        0.157010E+02
        0.157643E+02
        0.158280E+02
        0.158921E+02
        0.159566E+02
        0.160216E+02
        0.160869E+02
        0.161527E+02
        0.162188E+02
        0.162854E+02
        0.163524E+02
        0.164199E+02
        0.164877E+02
        0.165560E+02
        0.166247E+02
        0.166939E+02
        0.167634E+02
        0.168334E+02
        0.169039E+02
        0.169748E+02
        0.170461E+02
        0.171178E+02
        0.171900E+02
        0.172627E+02
        0.173358E+02
        0.174093E+02
        0.174833E+02
        0.175577E+02
        0.176326E+02
        0.177080E+02
        0.177838E+02
        0.178601E+02
        0.179368E+02
        0.180140E+02
        0.180917E+02
        0.181698E+02
        0.182484E+02
        0.183275E+02
        0.184071E+02
        0.184871E+02
        0.185676E+02
        0.186486E+02
        0.187301E+02
        0.188121E+02
        0.188945E+02
        0.189775E+02
        0.190609E+02
        0.191449E+02
        0.192293E+02
        0.193142E+02
        0.193997E+02
        0.194856E+02
        0.195721E+02
        0.196590E+02
        0.197465E+02
        0.198345E+02
        0.199230E+02
        0.200120E+02
        0.201015E+02
        0.201916E+02
        0.202822E+02
        0.203733E+02
        0.204649E+02
        0.205571E+02
        0.206498E+02
        0.207431E+02
        0.208369E+02
        0.209312E+02
        0.210261E+02
        0.211215E+02
        0.212175E+02
        0.213140E+02
        0.214111E+02
        0.215088E+02
        0.216070E+02
        0.217057E+02
        0.218051E+02
        0.219050E+02
        0.220054E+02
        0.221065E+02
        0.222081E+02
        0.223103E+02
        0.224131E+02
        0.225164E+02
        0.226204E+02
        0.227249E+02
        0.228301E+02
        0.229358E+02
        0.230421E+02
        0.231490E+02
        0.232566E+02
        0.233647E+02
        0.234734E+02
        0.235828E+02
        0.236928E+02
        0.238033E+02
        0.239145E+02
        0.240264E+02
        0.241388E+02
        0.242519E+02
        0.243656E+02
        0.244800E+02
        0.245949E+02
        0.247106E+02
        0.248268E+02
        0.249437E+02
        0.250613E+02
        0.251795E+02
        0.252984E+02
        0.254179E+02
        0.255381E+02
        0.256589E+02
        0.257804E+02
        0.259026E+02
        0.260254E+02
        0.261489E+02
        0.262731E+02
        0.263980E+02
        0.265236E+02
        0.266498E+02
        0.267768E+02
        0.269044E+02
        0.270328E+02
        0.271618E+02
        0.272915E+02
        0.274220E+02
        0.275531E+02
        0.276850E+02
        0.278175E+02
        0.279508E+02
        0.280848E+02
        0.282196E+02
        0.283550E+02
        0.284912E+02
        0.286282E+02
        0.287658E+02
        0.289042E+02
        0.290434E+02
        0.291833E+02
        0.293239E+02
        0.294653E+02
        0.296075E+02
        0.297504E+02
        0.298941E+02
        0.300385E+02
        0.301837E+02
        0.303297E+02
        0.304764E+02
        0.306240E+02
        0.307723E+02
        0.309214E+02
        0.310713E+02
        0.312220E+02
        0.313734E+02
        0.315257E+02
        0.316788E+02
        0.318327E+02
        0.319873E+02
        0.321428E+02
        0.322992E+02
        0.324563E+02
        0.326142E+02
        0.327730E+02
        0.329326E+02
        0.330931E+02
        0.332543E+02
        0.334164E+02
        0.335794E+02
        0.337432E+02
        0.339078E+02
        0.340733E+02
        0.342397E+02
        0.344069E+02
        0.345749E+02
        0.347439E+02
        0.349137E+02
        0.350843E+02
        0.352559E+02
        0.354283E+02
        0.356016E+02
        0.357758E+02
        0.359508E+02
        0.361268E+02
        0.363036E+02
        0.364814E+02
        0.366600E+02
        0.368396E+02
        0.370201E+02
        0.372014E+02
        0.373837E+02
        0.375669E+02
        0.377510E+02
        0.379361E+02
        0.381220E+02
        0.383089E+02
        0.384967E+02
        0.386855E+02
        0.388752E+02
        0.390658E+02
        0.392574E+02
        0.394500E+02
        0.396435E+02
        0.398379E+02
        0.400333E+02
        0.402296E+02
        0.404270E+02
        0.406252E+02
        0.408245E+02
        0.410247E+02
        0.412259E+02
        0.414281E+02
        0.416313E+02
        0.418354E+02
        0.420405E+02
        0.422466E+02
        0.424537E+02
        0.426618E+02
        0.428709E+02
        0.430810E+02
        0.432921E+02
        0.435042E+02
        0.437173E+02
        0.439315E+02
        0.441466E+02
        0.443628E+02
        0.445799E+02
        0.447981E+02
        0.450173E+02
        0.452376E+02
        0.454588E+02
        0.456811E+02
        0.459044E+02
        0.461288E+02
        0.463542E+02
        0.465806E+02
        0.468081E+02
        0.470366E+02
        0.472662E+02
        0.474968E+02
        0.477284E+02
        0.479611E+02
        0.481949E+02
        0.484297E+02
        0.486655E+02
        0.489025E+02
        0.491404E+02
        0.493795E+02
        0.496195E+02
        0.498607E+02
        0.501029E+02
        0.503462E+02
        0.505905E+02
        0.508360E+02
        0.510824E+02
        0.513300E+02
        0.515786E+02
        0.518283E+02
        0.520790E+02
        0.523308E+02
        0.525837E+02
        0.528377E+02
        0.530927E+02
        0.533488E+02
        0.536060E+02
        0.538643E+02
        0.541236E+02
        0.543840E+02
        0.546454E+02
        0.549079E+02
        0.551715E+02
        0.554362E+02
        0.557019E+02
        0.559687E+02
        0.562366E+02
        0.565055E+02
        0.567755E+02
        0.570466E+02
        0.573187E+02
        0.575918E+02
        0.578661E+02
        0.581413E+02
        0.584177E+02
        0.586951E+02
        0.589735E+02
        0.592529E+02
        0.595335E+02
        0.598150E+02
        0.600976E+02
        0.603812E+02
        0.606658E+02
        0.609515E+02
        0.612382E+02
        0.615259E+02
        0.618146E+02
        0.621043E+02
        0.623950E+02
        0.626867E+02
        0.629794E+02
        0.632731E+02
        0.635678E+02
        0.638635E+02
        0.641601E+02
        0.644577E+02
        0.647562E+02
        0.650557E+02
        0.653561E+02
        0.656575E+02
        0.659598E+02
        0.662630E+02
        0.665671E+02
        0.668721E+02
        0.671780E+02
        0.674848E+02
        0.677925E+02
        0.681011E+02
        0.684105E+02
        0.687207E+02
        0.690318E+02
        0.693437E+02
        0.696564E+02
        0.699699E+02
        0.702842E+02
        0.705993E+02
        0.709152E+02
        0.712318E+02
        0.715491E+02
        0.718672E+02
        0.721859E+02
        0.725054E+02
        0.728255E+02
        0.731463E+02
        0.734678E+02
        0.737899E+02
        0.741126E+02
        0.744359E+02
        0.747597E+02
        0.750842E+02
        0.754091E+02
        0.757346E+02
        0.760606E+02
        0.763871E+02
        0.767140E+02
        0.770414E+02
        0.773692E+02
        0.776974E+02
        0.780260E+02
        0.783549E+02
        0.786841E+02
        0.790136E+02
        0.793434E+02
        0.796735E+02
        0.800037E+02
        0.803342E+02
        0.806648E+02
        0.809956E+02
        0.813264E+02
        0.816574E+02
        0.819884E+02
        0.823193E+02
        0.826503E+02
        0.829812E+02
        0.833121E+02
        0.836428E+02
        0.839733E+02
        0.843037E+02
        0.846338E+02
        0.849636E+02
        0.852932E+02
        0.856224E+02
        0.859512E+02
        0.862795E+02
        0.866074E+02
        0.869348E+02
        0.872616E+02
        0.875878E+02
        0.879134E+02
        0.882382E+02
        0.885623E+02
        0.888857E+02
        0.892081E+02
        0.895297E+02
        0.898503E+02
        0.901699E+02
        0.904884E+02
        0.908059E+02
        0.911221E+02
        0.914372E+02
        0.917509E+02
        0.920633E+02
        0.923743E+02
        0.926838E+02
        0.929918E+02
        0.932982E+02
        0.936029E+02
        0.939059E+02
        0.942071E+02
        0.945064E+02
        0.948037E+02
        0.950991E+02
        0.953924E+02
        0.956835E+02
        0.959724E+02
        0.962589E+02
        0.965431E+02
        0.968248E+02
        0.971039E+02
        0.973804E+02
        0.976542E+02
        0.979252E+02
        0.981933E+02
        0.984584E+02
        0.987205E+02
        0.989794E+02
        0.992350E+02
        0.994873E+02
        0.997362E+02
        0.999815E+02
        0.100223E+03
        0.100461E+03
        0.100695E+03
        0.100926E+03
        0.101152E+03
        0.101374E+03
        0.101592E+03
        0.101805E+03
        0.102015E+03
        0.102219E+03
        0.102419E+03
        0.102614E+03
        0.102804E+03
        0.102990E+03
        0.103170E+03
        0.103345E+03
        0.103515E+03
        0.103679E+03
        0.103837E+03
        0.103990E+03
        0.104138E+03
        0.104279E+03
        0.104414E+03
        0.104543E+03
        0.104666E+03
        0.104783E+03
        0.104893E+03
        0.104996E+03
        0.105093E+03
        0.105183E+03
        0.105266E+03
        0.105341E+03
        0.105410E+03
        0.105471E+03
        0.105525E+03
        0.105571E+03
        0.105610E+03
        0.105641E+03
        0.105664E+03
        0.105678E+03
        0.105685E+03
        0.105684E+03
        0.105674E+03
        0.105656E+03
        0.105629E+03
        0.105593E+03
        0.105549E+03
        0.105496E+03
        0.105434E+03
        0.105362E+03
        0.105282E+03
        0.105192E+03
        0.105093E+03
        0.104985E+03
        0.104867E+03
        0.104740E+03
        0.104603E+03
        0.104456E+03
        0.104299E+03
        0.104133E+03
        0.103956E+03
        0.103770E+03
        0.103574E+03
        0.103367E+03
        0.103151E+03
        0.102924E+03
        0.102688E+03
        0.102441E+03
        0.102184E+03
        0.101916E+03
        0.101639E+03
        0.101351E+03
        0.101053E+03
        0.100745E+03
        0.100426E+03
        0.100098E+03
        0.997589E+02
        0.994101E+02
        0.990512E+02
        0.986823E+02
        0.983034E+02
        0.979147E+02
        0.975161E+02
        0.971077E+02
        0.966897E+02
        0.962621E+02
        0.958250E+02
        0.953786E+02
        0.949229E+02
        0.944580E+02
        0.939841E+02
        0.935012E+02
        0.930097E+02
        0.925095E+02
        0.920008E+02
        0.914838E+02
        0.909587E+02
        0.904256E+02
        0.898847E+02
        0.893361E+02
        0.887801E+02
        0.882169E+02
        0.876466E+02
        0.870695E+02
        0.864857E+02
        0.858955E+02
        0.852991E+02
        0.846967E+02
        0.840885E+02
        0.834748E+02
        0.828558E+02
        0.822317E+02
        0.816027E+02
        0.809692E+02
        0.803313E+02
        0.796893E+02
        0.790434E+02
        0.783940E+02
        0.777411E+02
        0.770852E+02
        0.764263E+02
        0.757649E+02
        0.751011E+02
        0.744352E+02
        0.737674E+02
        0.730980E+02
        0.724272E+02
        0.717553E+02
        0.710826E+02
        0.704092E+02
        0.697354E+02
        0.690614E+02
        0.683876E+02
        0.677140E+02
        0.670410E+02
        0.663688E+02
        0.656975E+02
        0.650275E+02
        0.643588E+02
        0.636918E+02
        0.630267E+02
        0.623635E+02
        0.617026E+02
        0.610441E+02
        0.603883E+02
        0.597352E+02
        0.590851E+02
        0.584381E+02
        0.577945E+02
        0.571543E+02
        0.565177E+02
        0.558849E+02
        0.552559E+02
        0.546311E+02
        0.540104E+02
        0.533940E+02
        0.527821E+02
        0.521747E+02
        0.515720E+02
        0.509740E+02
        0.503808E+02
        0.497927E+02
        0.492095E+02
        0.486315E+02
        0.480587E+02
        0.474912E+02
        0.469290E+02
        0.463722E+02
        0.458208E+02
        0.452750E+02
        0.447347E+02
        0.442001E+02
        0.436710E+02
        0.431477E+02
        0.426300E+02
        0.421181E+02
        0.416119E+02
        0.411115E+02
        0.406168E+02
        0.401280E+02
        0.396449E+02
        0.391677E+02
        0.386962E+02
        0.382305E+02
        0.377706E+02
        0.373165E+02
        0.368682E+02
        0.364256E+02
        0.359887E+02
        0.355575E+02
        0.351320E+02
        0.347121E+02
        0.342979E+02
        0.338893E+02
        0.334862E+02
        0.330887E+02
        0.326966E+02
        0.323100E+02
        0.319288E+02
        0.315530E+02
        0.311825E+02
        0.308173E+02
        0.304573E+02
        0.301025E+02
        0.297529E+02
        0.294084E+02
        0.290689E+02
        0.287344E+02
        0.284049E+02
        0.280803E+02
        0.277605E+02
        0.274455E+02
        0.271352E+02
        0.268296E+02
        0.265287E+02
        0.262323E+02
        0.259405E+02
        0.256531E+02
        0.253702E+02
        0.250916E+02
        0.248173E+02
        0.245473E+02
        0.242814E+02
        0.240197E+02
        0.237621E+02
        0.235086E+02
        0.232590E+02
        0.230133E+02
        0.227715E+02
        0.225335E+02
        0.222993E+02
        0.220688E+02
        0.218419E+02
        0.216187E+02
        0.213990E+02
        0.211828E+02
        0.209701E+02
        0.207608E+02
        0.205548E+02
        0.203521E+02
        0.201527E+02
        0.199565E+02
        0.197634E+02
        0.195735E+02
        0.193866E+02
        0.192027E+02
        0.190218E+02
        0.188439E+02
        0.186688E+02
        0.184965E+02
        0.183271E+02
        0.181603E+02
        0.179963E+02
        0.178350E+02
        0.176762E+02
        0.175201E+02
        0.173665E+02
        0.172154E+02
        0.170667E+02
        0.169205E+02
        0.167766E+02
        0.166351E+02
        0.164959E+02
        0.163590E+02
        0.162243E+02
        0.160919E+02
        0.159615E+02
        0.158333E+02
        0.157073E+02
        0.155832E+02
        0.154612E+02
        0.153413E+02
        0.152232E+02
        0.151071E+02
        0.149930E+02
        0.148806E+02
        0.147702E+02
        0.146615E+02
        0.145547E+02
        0.144496E+02
        0.143462E+02
        0.142445E+02
        0.141445E+02
        0.140462E+02
        0.139495E+02
        0.138544E+02
        0.137608E+02
        0.136688E+02
        0.135784E+02
        0.134894E+02
        0.134019E+02
        0.133159E+02
        0.132313E+02
        0.131481E+02
        0.130663E+02
        0.129858E+02
        0.129067E+02
        0.128290E+02
        0.127525E+02
        0.126773E+02
        0.126034E+02
        0.125308E+02
        0.124593E+02
        0.123891E+02
        0.123200E+02
        0.122522E+02
        0.121855E+02
        0.121199E+02
        0.120554E+02
        0.119921E+02
        0.119298E+02
        0.118686E+02
        0.118085E+02
        0.117494E+02
        0.116913E+02
        0.116342E+02
        0.115781E+02
        0.115231E+02
        0.114689E+02
        0.114158E+02
        0.113635E+02
        0.113122E+02
        0.112618E+02
        0.112123E+02
        0.111637E+02
        0.111160E+02
        0.110691E+02
        0.110231E+02
        0.109779E+02
        0.109336E+02
        0.108901E+02
        0.108473E+02
        0.108054E+02
        0.107643E+02
        0.107239E+02
        0.106843E+02
        0.106454E+02
        0.106073E+02
        0.105699E+02
        0.105332E+02
        0.104973E+02
        0.104620E+02
        0.104275E+02
        0.103936E+02
        0.103605E+02
        0.103280E+02
        0.102961E+02
        0.102649E+02
        0.102344E+02
        0.102044E+02
        0.101752E+02
        0.101465E+02
        0.101184E+02
        0.100910E+02
        0.100642E+02
        0.100379E+02
        0.100123E+02
        0.998717E+01
        0.996266E+01
        0.993871E+01
        0.991533E+01
        0.989249E+01
        0.987021E+01
        0.984846E+01
        0.982725E+01
        0.980657E+01
        0.978641E+01
        0.976677E+01
        0.974764E+01
        0.972902E+01
        0.971089E+01
        0.969327E+01
        0.967613E+01
        0.965948E+01
        0.964332E+01
        0.962762E+01
        0.961240E+01
        0.959765E+01
        0.958336E+01
        0.956952E+01
        0.955614E+01
        0.954321E+01
        0.953073E+01
        0.951868E+01
        0.950707E+01
        0.949589E+01
        0.948514E+01
        0.947482E+01
        0.946492E+01
        0.945543E+01
        0.944636E+01
        0.943770E+01
        0.942945E+01
        0.942160E+01
        0.941415E+01
        0.940709E+01
        0.940043E+01
        0.939416E+01
        0.938828E+01
        0.938278E+01
        0.937767E+01
        0.937293E+01
        0.936857E+01
        0.936458E+01
        0.936096E+01
        0.935771E+01
        0.935483E+01
        0.935230E+01
        0.935014E+01
        0.934834E+01
        0.934689E+01
        0.934579E+01
        0.934504E+01
        0.934465E+01
        0.934459E+01
        0.934489E+01
        0.934552E+01
        0.934649E+01
        0.934781E+01
        0.934946E+01
        0.935144E+01
        0.935375E+01
        0.935640E+01
        0.935937E+01
        0.936267E+01
        0.936630E+01
        0.937025E+01
        0.937452E+01
        0.937911E+01
        0.938402E+01
        0.938925E+01
        0.939479E+01
        0.940065E+01
        0.940682E+01
        0.941330E+01
        0.942009E+01
        0.942720E+01
        0.943460E+01
        0.944232E+01
        0.945034E+01
        0.945867E+01
        0.946730E+01
        0.947623E+01
        0.948546E+01
        0.949499E+01
        0.950483E+01
        0.951496E+01
        0.952538E+01
        0.953610E+01
        0.954712E+01
        0.955844E+01
        0.957004E+01
        0.958194E+01
        0.959413E+01
        0.960662E+01
        0.961939E+01
        0.963245E+01
        0.964581E+01
        0.965945E+01
        0.967338E+01
        0.968760E+01
        0.970210E+01
        0.971689E+01
        0.973197E+01
        0.974733E+01
        0.976298E+01
        0.977892E+01
        0.979513E+01
        0.981163E+01
        0.982842E+01
        0.984549E+01
        0.986284E+01
        0.988047E+01
        0.989839E+01
        0.991659E+01
        0.993507E+01
        0.995383E+01
        0.997287E+01
        0.999220E+01
        0.100118E+02
        0.100317E+02
        0.100519E+02
        0.100723E+02
        0.100930E+02
        0.101140E+02
        0.101353E+02
        0.101569E+02
        0.101788E+02
        0.102009E+02
        0.102233E+02
        0.102460E+02
        0.102690E+02
        0.102922E+02
        0.103158E+02
        0.103396E+02
        0.103637E+02
        0.103881E+02
        0.104128E+02
        0.104377E+02
        0.104629E+02
        0.104884E+02
        0.105142E+02
        0.105403E+02
        0.105667E+02
        0.105933E+02
        0.106203E+02
        0.106475E+02
        0.106750E+02
        0.107028E+02
        0.107308E+02
        0.107592E+02
        0.107878E+02
        0.108168E+02
        0.108460E+02
        0.108755E+02
        0.109053E+02
        0.109353E+02
        0.109657E+02
        0.109964E+02
        0.110273E+02
        0.110586E+02
        0.110901E+02
        0.111219E+02
        0.111540E+02
        0.111865E+02
        0.112192E+02
        0.112522E+02
        0.112855E+02
        0.113190E+02
        0.113529E+02
        0.113871E+02
        0.114216E+02
        0.114564E+02
        0.114915E+02
        0.115268E+02
        0.115625E+02
        0.115985E+02
        0.116348E+02
        0.116714E+02
        0.117083E+02
        0.117455E+02
        0.117830E+02
        0.118208E+02
        0.118589E+02
        0.118973E+02
        0.119361E+02
        0.119751E+02
        0.120145E+02
        0.120541E+02
        0.120941E+02
        0.121344E+02
        0.121750E+02
        0.122159E+02
        0.122572E+02
        0.122988E+02
        0.123406E+02
        0.123828E+02
        0.124254E+02
        0.124682E+02
        0.125114E+02
        0.125549E+02
        0.125987E+02
        0.126428E+02
        0.126873E+02
        0.127321E+02
        0.127772E+02
        0.128227E+02
        0.128685E+02
        0.129146E+02
        0.129611E+02
        0.130079E+02
        0.130550E+02
        0.131025E+02
        0.131503E+02
        0.131984E+02
        0.132469E+02
        0.132958E+02
        0.133449E+02
        0.133945E+02
        0.134443E+02
        0.134946E+02
        0.135451E+02
        0.135961E+02
        0.136473E+02
        0.136990E+02
        0.137510E+02
        0.138033E+02
        0.138560E+02
        0.139091E+02
        0.139625E+02
        0.140163E+02
        0.140704E+02
        0.141249E+02
        0.141798E+02
        0.142351E+02
        0.142907E+02
        0.143467E+02
        0.144030E+02
        0.144598E+02
        0.145169E+02
        0.145744E+02
        0.146323E+02
        0.146905E+02
        0.147491E+02
        0.148082E+02
        0.148676E+02
        0.149274E+02
        0.149875E+02
        0.150481E+02
        0.151091E+02
        0.151704E+02
        0.152322E+02
        0.152943E+02
        0.153569E+02
        0.154198E+02
        0.154832E+02
        0.155469E+02
        0.156111E+02
        0.156757E+02
        0.157407E+02
        0.158061E+02
        0.158719E+02
        0.159381E+02
        0.160047E+02
        0.160718E+02
        0.161392E+02
        0.162071E+02
        0.162755E+02
        0.163442E+02
        0.164134E+02
        0.164830E+02
        0.165530E+02
        0.166235E+02
        0.166944E+02
        0.167658E+02
        0.168376E+02
        0.169098E+02
        0.169825E+02
        0.170556E+02
        0.171291E+02
        0.172032E+02
        0.172776E+02
        0.173525E+02
        0.174279E+02
        0.175038E+02
        0.175801E+02
        0.176568E+02
        0.177340E+02
        0.178117E+02
        0.178899E+02
        0.179685E+02
        0.180476E+02
        0.181272E+02
        0.182072E+02
        0.182878E+02
        0.183688E+02
        0.184503E+02
        0.185323E+02
        0.186148E+02
        0.186977E+02
        0.187812E+02
        0.188651E+02
        0.189496E+02
        0.190346E+02
        0.191200E+02
        0.192060E+02
        0.192924E+02
        0.193794E+02
        0.194669E+02
        0.195549E+02
        0.196434E+02
        0.197325E+02
        0.198220E+02
        0.199121E+02
        0.200027E+02
        0.200939E+02
        0.201855E+02
        0.202777E+02
        0.203705E+02
        0.204638E+02
        0.205576E+02
        0.206519E+02
        0.207468E+02
        0.208423E+02
        0.209383E+02
        0.210349E+02
        0.211320E+02
        0.212297E+02
        0.213279E+02
        0.214267E+02
        0.215261E+02
        0.216261E+02
        0.217266E+02
        0.218277E+02
        0.219293E+02
        0.220316E+02
        0.221344E+02
        0.222378E+02
        0.223419E+02
        0.224465E+02
        0.225516E+02
        0.226574E+02
        0.227638E+02
        0.228708E+02
        0.229784E+02
        0.230866E+02
        0.231954E+02
        0.233049E+02
        0.234149E+02
        0.235256E+02
        0.236369E+02
        0.237488E+02
        0.238613E+02
        0.239745E+02
        0.240883E+02
        0.242028E+02
        0.243179E+02
        0.244336E+02
        0.245500E+02
        0.246670E+02
        0.247847E+02
        0.249030E+02
        0.250220E+02
        0.251416E+02
        0.252620E+02
        0.253829E+02
        0.255046E+02
        0.256269E+02
        0.257499E+02
        0.258736E+02
        0.259979E+02
        0.261230E+02
        0.262487E+02
        0.263752E+02
        0.265023E+02
        0.266301E+02
        0.267586E+02
        0.268878E+02
        0.270178E+02
        0.271484E+02
        0.272798E+02
        0.274118E+02
        0.275446E+02
        0.276782E+02
        0.278124E+02
        0.279474E+02
        0.280831E+02
        0.282195E+02
        0.283567E+02
        0.284946E+02
        0.286333E+02
        0.287727E+02
        0.289129E+02
        0.290538E+02
        0.291955E+02
        0.293380E+02
        0.294812E+02
        0.296252E+02
        0.297699E+02
        0.299155E+02
        0.300618E+02
        0.302089E+02
        0.303568E+02
        0.305055E+02
        0.306549E+02
        0.308052E+02
        0.309563E+02
        0.311081E+02
        0.312608E+02
        0.314143E+02
        0.315686E+02
        0.317237E+02
        0.318796E+02
        0.320364E+02
        0.321940E+02
        0.323524E+02
        0.325116E+02
        0.326717E+02
        0.328327E+02
        0.329944E+02
        0.331571E+02
        0.333205E+02
        0.334849E+02
        0.336500E+02
        0.338161E+02
        0.339830E+02
        0.341508E+02
        0.343194E+02
        0.344890E+02
        0.346594E+02
        0.348307E+02
        0.350028E+02
        0.351759E+02
        0.353499E+02
        0.355247E+02
        0.357005E+02
        0.358771E+02
        0.360547E+02
        0.362332E+02
        0.364125E+02
        0.365929E+02
        0.367741E+02
        0.369562E+02
        0.371393E+02
        0.373233E+02
        0.375082E+02
        0.376941E+02
        0.378809E+02
        0.380687E+02
        0.382574E+02
        0.384471E+02
        0.386377E+02
        0.388293E+02
        0.390218E+02
        0.392153E+02
        0.394098E+02
        0.396052E+02
        0.398016E+02
        0.399990E+02
        0.401974E+02
        0.403967E+02
        0.405970E+02
        0.407984E+02
        0.410007E+02
        0.412040E+02
        0.414083E+02
        0.416137E+02
        0.418200E+02
        0.420273E+02
        0.422357E+02
        0.424450E+02
        0.426554E+02
        0.428668E+02
        0.430792E+02
        0.432927E+02
        0.435072E+02
        0.437227E+02
        0.439392E+02
        0.441568E+02
        0.443755E+02
        0.445951E+02
        0.448158E+02
        0.450376E+02
        0.452604E+02
        0.454843E+02
        0.457092E+02
        0.459352E+02
        0.461623E+02
        0.463904E+02
        0.466196E+02
        0.468498E+02
        0.470812E+02
        0.473136E+02
        0.475470E+02
        0.477816E+02
        0.480172E+02
        0.482539E+02
        0.484917E+02
        0.487306E+02
        0.489706E+02
        0.492117E+02
        0.494538E+02
        0.496971E+02
        0.499414E+02
        0.501868E+02
        0.504334E+02
        0.506810E+02
        0.509298E+02
        0.511796E+02
        0.514305E+02
        0.516826E+02
        0.519357E+02
        0.521900E+02
        0.524454E+02
        0.527018E+02
        0.529594E+02
        0.532181E+02
        0.534779E+02
        0.537388E+02
        0.540008E+02
        0.542640E+02
        0.545282E+02
        0.547936E+02
        0.550600E+02
        0.553276E+02
        0.555963E+02
        0.558661E+02
        0.561370E+02
        0.564090E+02
        0.566821E+02
        0.569564E+02
        0.572317E+02
        0.575081E+02
        0.577857E+02
        0.580643E+02
        0.583441E+02
        0.586249E+02
        0.589069E+02
        0.591899E+02
        0.594740E+02
        0.597592E+02
        0.600455E+02
        0.603329E+02
        0.606214E+02
        0.609110E+02
        0.612016E+02
        0.614933E+02
        0.617860E+02
        0.620799E+02
        0.623748E+02
        0.626707E+02
        0.629677E+02
        0.632658E+02
        0.635649E+02
        0.638650E+02
        0.641661E+02
        0.644683E+02
        0.647715E+02
        0.650758E+02
        0.653810E+02
        0.656872E+02
        0.659945E+02
        0.663027E+02
        0.666119E+02
        0.669221E+02
        0.672332E+02
        0.675453E+02
        0.678583E+02
        0.681723E+02
        0.684872E+02
        0.688031E+02
        0.691198E+02
        0.694375E+02
        0.697560E+02
        0.700755E+02
        0.703958E+02
        0.707169E+02
        0.710389E+02
        0.713618E+02
        0.716854E+02
        0.720099E+02
        0.723352E+02
        0.726612E+02
        0.729880E+02
        0.733156E+02
        0.736439E+02
        0.739729E+02
        0.743027E+02
        0.746331E+02
        0.749642E+02
        0.752960E+02
        0.756284E+02
        0.759614E+02
        0.762950E+02
        0.766292E+02
        0.769640E+02
        0.772993E+02
        0.776352E+02
        0.779715E+02
        0.783083E+02
        0.786456E+02
        0.789833E+02
        0.793214E+02
        0.796599E+02
        0.799988E+02
        0.803379E+02
        0.806774E+02
        0.810172E+02
        0.813572E+02
        0.816975E+02
        0.820379E+02
        0.823786E+02
        0.827193E+02
        0.830602E+02
        0.834011E+02
        0.837420E+02
        0.840830E+02
        0.844239E+02
        0.847648E+02
        0.851055E+02
        0.854462E+02
        0.857866E+02
        0.861269E+02
        0.864668E+02
        0.868065E+02
        0.871459E+02
        0.874848E+02
        0.878234E+02
        0.881614E+02
        0.884990E+02
        0.888360E+02
        0.891724E+02
        0.895082E+02
        0.898432E+02
        0.901775E+02
        0.905110E+02
        0.908436E+02
        0.911753E+02
        0.915061E+02
        0.918358E+02
        0.921645E+02
        0.924920E+02
        0.928183E+02
        0.931434E+02
        0.934671E+02
        0.937895E+02
        0.941104E+02
        0.944298E+02
        0.947476E+02
        0.950638E+02
        0.953782E+02
        0.956909E+02
        0.960017E+02
        0.963106E+02
        0.966174E+02
        0.969222E+02
        0.972248E+02
        0.975252E+02
        0.978233E+02
        0.981189E+02
        0.984121E+02
        0.987027E+02
        0.989906E+02
        0.992759E+02
        0.995582E+02
        0.998377E+02
        0.100114E+03
        0.100387E+03
        0.100658E+03
        0.100924E+03
        0.101188E+03
        0.101448E+03
        0.101704E+03
        0.101957E+03
        0.102206E+03
        0.102451E+03
        0.102692E+03
        0.102929E+03
        0.103161E+03
        0.103389E+03
        0.103613E+03
        0.103833E+03
        0.104047E+03
        0.104257E+03
        0.104462E+03
        0.104662E+03
        0.104857E+03
        0.105046E+03
        0.105231E+03
        0.105409E+03
        0.105582E+03
        0.105750E+03
        0.105911E+03
        0.106067E+03
        0.106216E+03
        0.106359E+03
        0.106496E+03
        0.106627E+03
        0.106750E+03
        0.106867E+03
        0.106978E+03
        0.107081E+03
        0.107177E+03
        0.107265E+03
        0.107347E+03
        0.107421E+03
        0.107487E+03
        0.107545E+03
        0.107596E+03
        0.107638E+03
        0.107673E+03
        0.107699E+03
        0.107717E+03
        0.107726E+03
        0.107727E+03
        0.107719E+03
        0.107702E+03
        0.107676E+03
        0.107641E+03
        0.107596E+03
        0.107543E+03
        0.107480E+03
        0.107407E+03
        0.107325E+03
        0.107233E+03
        0.107132E+03
        0.107020E+03
        0.106898E+03
        0.106767E+03
        0.106625E+03
        0.106473E+03
        0.106310E+03
        0.106138E+03
        0.105954E+03
        0.105761E+03
        0.105556E+03
        0.105341E+03
        0.105116E+03
        0.104879E+03
        0.104632E+03
        0.104375E+03
        0.104106E+03
        0.103827E+03
        0.103536E+03
        0.103235E+03
        0.102923E+03
        0.102601E+03
        0.102267E+03
        0.101923E+03
        0.101568E+03
        0.101203E+03
        0.100827E+03
        0.100440E+03
        0.100042E+03
        0.996345E+02
        0.992163E+02
        0.987877E+02
        0.983490E+02
        0.979001E+02
        0.974412E+02
        0.969724E+02
        0.964938E+02
        0.960055E+02
        0.955077E+02
        0.950005E+02
        0.944841E+02
        0.939586E+02
        0.934242E+02
        0.928810E+02
        0.923293E+02
        0.917692E+02
        0.912009E+02
        0.906246E+02
        0.900406E+02
        0.894489E+02
        0.888499E+02
        0.882437E+02
        0.876306E+02
        0.870109E+02
        0.863846E+02
        0.857522E+02
        0.851138E+02
        0.844696E+02
        0.838201E+02
        0.831653E+02
        0.825055E+02
        0.818411E+02
        0.811722E+02
        0.804992E+02
        0.798222E+02
        0.791417E+02
        0.784578E+02
        0.777708E+02
        0.770810E+02
        0.763887E+02
        0.756941E+02
        0.749975E+02
        0.742991E+02
        0.735993E+02
        0.728983E+02
        0.721964E+02
        0.714939E+02
        0.707909E+02
        0.700877E+02
        0.693847E+02
        0.686820E+02
        0.679800E+02
        0.672788E+02
        0.665787E+02
        0.658799E+02
        0.651826E+02
        0.644872E+02
        0.637937E+02
        0.631025E+02
        0.624137E+02
        0.617276E+02
        0.610443E+02
        0.603640E+02
        0.596869E+02
        0.590133E+02
        0.583433E+02
        0.576770E+02
        0.570146E+02
        0.563563E+02
        0.557023E+02
        0.550526E+02
        0.544074E+02
        0.537670E+02
        0.531312E+02
        0.525005E+02
        0.518747E+02
        0.512541E+02
        0.506387E+02
        0.500286E+02
        0.494240E+02
        0.488249E+02
        0.482313E+02
        0.476435E+02
        0.470614E+02
        0.464851E+02
        0.459146E+02
        0.453501E+02
        0.447915E+02
        0.442389E+02
        0.436924E+02
        0.431519E+02
        0.426175E+02
        0.420893E+02
        0.415672E+02
        0.410513E+02
        0.405415E+02
        0.400379E+02
        0.395405E+02
        0.390492E+02
        0.385641E+02
        0.380852E+02
        0.376124E+02
        0.371458E+02
        0.366853E+02
        0.362308E+02
        0.357825E+02
        0.353402E+02
        0.349039E+02
        0.344736E+02
        0.340492E+02
        0.336307E+02
        0.332182E+02
        0.328114E+02
        0.324105E+02
        0.320153E+02
        0.316258E+02
        0.312419E+02
        0.308637E+02
        0.304910E+02
        0.301238E+02
        0.297621E+02
        0.294058E+02
        0.290548E+02
        0.287092E+02
        0.283687E+02
        0.280335E+02
        0.277033E+02
        0.273783E+02
        0.270582E+02
        0.267431E+02
        0.264329E+02
        0.261275E+02
        0.258269E+02
        0.255310E+02
        0.252398E+02
        0.249531E+02
        0.246710E+02
        0.243934E+02
        0.241201E+02
        0.238513E+02
        0.235867E+02
        0.233263E+02
        0.230702E+02
        0.228181E+02
        0.225702E+02
        0.223262E+02
        0.220861E+02
        0.218500E+02
        0.216177E+02
        0.213892E+02
        0.211643E+02
        0.209432E+02
        0.207256E+02
        0.205117E+02
        0.203012E+02
        0.200941E+02
        0.198905E+02
        0.196902E+02
        0.194931E+02
        0.192994E+02
        0.191088E+02
        0.189213E+02
        0.187370E+02
        0.185556E+02
        0.183773E+02
        0.182019E+02
        0.180294E+02
        0.178598E+02
        0.176929E+02
        0.175289E+02
        0.173675E+02
        0.172088E+02
        0.170528E+02
        0.168993E+02
        0.167484E+02
        0.166000E+02
        0.164540E+02
        0.163105E+02
        0.161693E+02
        0.160305E+02
        0.158940E+02
        0.157598E+02
        0.156277E+02
        0.154979E+02
        0.153703E+02
        0.152448E+02
        0.151213E+02
        0.149999E+02
        0.148806E+02
        0.147632E+02
        0.146478E+02
        0.145343E+02
        0.144227E+02
        0.143130E+02
        0.142050E+02
        0.140989E+02
        0.139946E+02
        0.138920E+02
        0.137911E+02
        0.136920E+02
        0.135944E+02
        0.134985E+02
        0.134042E+02
        0.133115E+02
        0.132204E+02
        0.131308E+02
        0.130427E+02
        0.129560E+02
        0.128709E+02
        0.127871E+02
        0.127048E+02
        0.126239E+02
        0.125443E+02
        0.124661E+02
        0.123892E+02
        0.123136E+02
        0.122393E+02
        0.121662E+02
        0.120944E+02
        0.120239E+02
        0.119545E+02
        0.118863E+02
        0.118193E+02
        0.117534E+02
        0.116887E+02
        0.116251E+02
        0.115626E+02
        0.115012E+02
        0.114408E+02
        0.113815E+02
        0.113232E+02
        0.112660E+02
        0.112097E+02
        0.111544E+02
        0.111002E+02
        0.110468E+02
        0.109944E+02
        0.109430E+02
        0.108925E+02
        0.108428E+02
        0.107941E+02
        0.107462E+02
        0.106993E+02
        0.106531E+02
        0.106078E+02
        0.105634E+02
        0.105197E+02
        0.104769E+02
        0.104349E+02
        0.103936E+02
        0.103531E+02
        0.103134E+02
        0.102745E+02
        0.102362E+02
        0.101988E+02
        0.101620E+02
        0.101260E+02
        0.100906E+02
        0.100560E+02
        0.100220E+02
        0.998875E+01
        0.995614E+01
        0.992419E+01
        0.989290E+01
        0.986224E+01
        0.983222E+01
        0.980283E+01
        0.977406E+01
        0.974590E+01
        0.971834E+01
        0.969138E+01
        0.966501E+01
        0.963922E+01
        0.961401E+01
        0.958937E+01
        0.956529E+01
        0.954177E+01
        0.951879E+01
        0.949636E+01
        0.947446E+01
        0.945310E+01
        0.943226E+01
        0.941193E+01
        0.939213E+01
        0.937282E+01
        0.935402E+01
        0.933572E+01
        0.931791E+01
        0.930058E+01
        0.928374E+01
        0.926737E+01
        0.925147E+01
        0.923604E+01
        0.922106E+01
        0.920655E+01
        0.919249E+01
        0.917887E+01
        0.916570E+01
        0.915297E+01
        0.914067E+01
        0.912880E+01
        0.911736E+01
        0.910634E+01
        0.909574E+01
        0.908556E+01
        0.907578E+01
        0.906642E+01
        0.905746E+01
        0.904889E+01
        0.904073E+01
        0.903296E+01
        0.902558E+01
        0.901859E+01
        0.901198E+01
        0.900575E+01
        0.899990E+01
        0.899442E+01
        0.898932E+01
        0.898458E+01
        0.898021E+01
        0.897621E+01
        0.897256E+01
        0.896928E+01
        0.896635E+01
        0.896377E+01
        0.896154E+01
        0.895966E+01
        0.895813E+01
        0.895694E+01
        0.895609E+01
        0.895558E+01
        0.895540E+01
        0.895557E+01
        0.895606E+01
        0.895689E+01
        0.895804E+01
        0.895952E+01
        0.896132E+01
        0.896345E+01
        0.896590E+01
        0.896867E+01
        0.897175E+01
        0.897516E+01
        0.897887E+01
        0.898290E+01
        0.898724E+01
        0.899189E+01
        0.899685E+01
        0.900212E+01
        0.900769E+01
        0.901356E+01
        0.901974E+01
        0.902622E+01
        0.903299E+01
        0.904007E+01
        0.904744E+01
        0.905512E+01
        0.906308E+01
        0.907134E+01
        0.907990E+01
